--------------------------------------------------------------------------------------------------------------
Site         N      Accuracy   +-2 Acc    R2         MAE(mi)    RMSE(mi)  
--------------------------------------------------------------------------------------------------------------
SITE4        5      0.4000     0.6000     -1.1111    2.0000    2.7568    
SITE5        11     0.1818     0.5455     -0.6582    2.4545    3.0302    
SITE6        12     0.2500     0.5833     -0.7188    3.0833    4.2525    
SITE7        29     0.2414     0.6552     -0.0002    1.8966    2.4424    
SITE8        11     0.1818     0.7273     -0.6323    1.6364    2.0449    
SITE10       14     0.1429     0.3571     -2.0823    3.7857    4.6059    
SITE11       6      0.3333     0.6667     -0.3846    2.3333    3.1623    
SITE12       15     0.2000     0.6000     -0.6122    2.4000    3.2455    
SITE13       26     0.2692     0.8077     -0.1204    1.6154    2.1122    
SITE14       9      0.2222     0.5556     -0.5823    2.5556    3.4801    
SITE15       16     0.1875     0.6250     -0.1366    2.1875    2.7042    
SITE17       16     0.1875     0.3125     -2.1028    3.7500    4.5552    
SITE18       18     0.2778     0.5556     -0.7105    2.5556    3.4480    
SITE19       34     0.2647     0.7941     -0.0683    1.4412    1.9778    
SITE20       10     0.2000     0.5000     -0.0825    2.4000    2.8983    
SITE21       13     0.2308     0.6154     -0.7630    2.6154    3.7417    
SITE22       52     0.4038     0.8654     -0.0329    1.1346    1.7265    
SITE24       9      0.2222     0.6667     -0.0884    2.1111    2.7285    
SITE25       23     0.2174     0.7391     -0.0383    1.7391    2.2650    
SITE26       13     0.2308     0.6154     -0.7211    2.7692    3.8028    
SITE29       16     0.1875     0.5000     -0.0084    2.2500    2.7386    
SITE30       12     0.1667     0.5000     -0.0330    2.3333    2.7988    
SITE33       16     0.1875     0.5625     -0.0056    2.0625    2.5125    
SITE35       6      0.5000     0.6667     -0.6337    2.6667    4.2817    
SITE36       8      0.3750     0.5000     -0.9245    3.5000    5.0498    
SITE40       20     0.2000     0.6500     -0.7788    2.1000    2.7203    
SITE41       28     0.1786     0.6071     -0.0113    1.9643    2.3679    
SITE42       9      0.2222     0.5556     -0.8117    3.2222    4.1500    
SITE43       15     0.2000     0.4000     -1.6991    3.2000    4.0332    
SITE45       19     0.1579     0.3684     -0.8306    3.2632    3.9068    
SITE48       15     0.2000     0.5333     -0.0920    2.2667    2.7568    
SITE49       10     0.2000     0.7000     -0.0811    1.8000    2.1909    
SITE50       6      0.3333     0.3333     -1.5484    4.0000    5.1316    
SITE53       13     0.2308     0.6923     -0.0082    1.9231    2.5570    
SITE58       20     0.1000     0.4500     -1.1657    3.1500    3.7483    
SITE59       9      0.2222     0.6667     -0.1098    2.3333    3.1798    
SITE65       12     0.2500     0.5000     -0.6555    2.9167    3.8406    
SITE66       11     0.1818     0.5455     -0.0105    2.0909    2.6799    
SITE73       16     0.1875     0.3125     -2.5119    4.9375    6.0260    
SITE75       11     0.2727     0.5455     -0.0708    2.1818    2.8284    
SITE76       7      0.2857     0.4286     -1.6678    4.5714    5.7817    
SITE78       10     0.3000     0.4000     -1.0264    3.5000    4.6368    
SITE80       6      0.5000     0.5000     -0.7918    2.8333    4.2622    
SITE81       9      0.3333     0.6667     -0.2530    2.3333    3.2146    
SITE84       14     0.2143     0.6429     -0.2069    1.7143    2.0702    
SITE86       10     0.2000     0.7000     -0.0526    2.0000    2.6833    
SITE94       17     0.2941     0.5294     -1.1293    2.7647    3.7963    
SITE97       6      0.5000     0.5000     -0.9750    4.1667    5.9301    
SITE98       19     0.1579     0.4737     -1.1555    3.1053    3.9537    
SITE104      11     0.2727     0.6364     -0.6328    2.0000    2.6285    
SITE106      12     0.1667     0.5833     -0.3378    2.5000    3.3166    
SITE111      11     0.1818     0.2727     -2.3517    4.6364    5.5350    
SITE115      16     0.1875     0.5000     -1.3527    3.0625    4.0389    
SITE116      13     0.2308     0.5385     -0.9554    2.7692    3.7417    
SITE117      21     0.1905     0.6190     -0.9237    2.2857    3.0237    
SITE119      10     0.3000     0.6000     -0.0014    2.1000    2.6646    
SITE127      12     0.1667     0.7500     -0.0825    1.8333    2.4152    
SITE128      14     0.2143     0.5000     -0.5485    2.5000    3.2404    
SITE129      14     0.2143     0.4286     -1.2379    3.2857    4.2258    
SITE132      8      0.2500     0.7500     -0.3112    2.1250    3.3354    
SITE134      8      0.3750     0.3750     -1.2901    3.2500    4.3301    
SITE156      12     0.3333     0.5000     -0.5385    2.2500    2.9580    
SITE160      9      0.2222     0.5556     -0.6182    2.5556    3.4157    
SITE161      12     0.2500     0.5833     -0.2771    2.2500    3.0414    
SITE165      7      0.2857     0.5714     -0.0973    2.2857    2.8785    
SITE167      10     0.3000     0.6000     -0.7768    2.3000    3.4785    
SITE168      9      0.2222     0.4444     -0.9378    3.5556    4.4721    
SITE169      13     0.2308     0.3846     -0.9464    2.9231    3.5301    
SITE171      10     0.3000     0.5000     -1.0936    2.9000    4.0125    
SITE178      9      0.2222     0.5556     -0.1017    2.1111    2.5604    
SITE179      21     0.1905     0.6190     -0.0015    2.0000    2.4495    
SITE186      17     0.2353     0.5294     -0.2976    2.5294    3.3166    
SITE193      12     0.3333     0.5833     -0.9237    2.7500    3.9686    
SITE194      15     0.2667     0.8667     -0.0281    1.5333    2.0166    
SITE198      14     0.3571     0.6429     -0.9221    2.1429    3.0938    
SITE203      28     0.2500     0.5357     -0.8373    2.7857    3.7033    
SITE205      20     0.1500     0.5000     -0.4721    2.5500    3.0903    
SITE207      11     0.2727     0.8182     -0.0080    1.4545    2.0449    
SITE208      12     0.1667     0.4167     -1.1929    3.5833    4.4064    
SITE209      6      0.1667     0.6667     -0.7516    2.1667    2.7988    
SITE212      8      0.2500     0.5000     0.0000     2.2500    2.7839    
SITE215      30     0.3333     0.5667     -0.9503    2.8000    3.9158    
SITE217      14     0.2857     0.5714     -0.9661    2.6429    3.7702    
SITE219      13     0.2308     0.6923     -0.5171    2.3077    3.1623    
SITE229      10     0.2000     0.5000     -0.2812    2.3000    2.7749    
SITE230      8      0.2500     0.5000     -0.8412    3.3750    4.6233    
SITE231      7      0.1429     0.2857     -3.0833    5.2857    6.0828    
SITE234      8      0.2500     0.7500     -0.1429    1.3750    1.7678    
SITE239      15     0.1333     0.4667     0.0000     2.4000    2.8284    
SITE240      12     0.2500     0.5000     -1.0874    3.0833    4.2720    
SITE241      23     0.2609     0.6087     -0.5803    2.5217    3.5874    
SITE244      9      0.2222     0.2222     -2.5311    5.1111    6.0369    
SITE245      14     0.2143     0.5000     -1.3461    3.3571    4.4320    
SITE251      9      0.2222     0.6667     -0.0020    1.8889    2.5166    
SITE253      25     0.2000     0.6400     -0.3560    2.2400    2.9665    
SITE256      5      0.2000     0.6000     -0.4224    2.2000    2.5690    
SITE258      10     0.2000     0.6000     -0.6279    2.2000    2.8983    
SITE259      6      0.3333     0.3333     -1.4118    4.0000    5.2281    
SITE261      13     0.2308     0.5385     -0.9837    3.0769    4.1510    
SITE262      18     0.2778     0.7778     -0.1397    1.7778    2.5386    
SITE268      12     0.2500     0.5000     -0.6014    2.6667    3.5355    
SITE272      12     0.1667     0.3333     -1.9441    4.0833    5.0249    
SITE276      10     0.3000     0.7000     -0.1538    1.6000    2.1909    
SITE301      5      1.0000     1.0000     1.0000     0.0000    0.0000    
SITE309      12     0.3333     0.4167     -1.2564    3.5000    4.6904    
SITE310      5      0.4000     0.6000     -1.0588    2.4000    3.3466    
SITE322      8      0.5000     0.6250     -0.6533    1.7500    2.7839    
SITE323      8      0.5000     0.5000     -0.8929    2.5000    3.6401    
SITE324      14     0.3571     0.4286     -1.2018    3.2143    4.3507    
SITE325      6      0.3333     0.6667     -0.4455    3.0000    4.2032    
SITE327      14     0.2143     0.2857     -2.5890    4.5000    5.2982    
SITE330      11     0.2727     0.4545     -1.4821    3.0909    4.0000    
SITE331      6      0.3333     0.3333     -1.5385    3.3333    4.2817    
SITE332      8      0.3750     0.6250     -1.1818    1.6250    2.2079    
SITE333      4      0.5000     0.7500     -0.5814    1.2500    2.0616    
SITE334      9      0.4444     0.4444     -1.1152    2.4444    3.3665    
SITE336      4      0.5000     0.7500     -0.8182    1.5000    2.2361    
SITE339      8      0.2500     0.3750     -1.7409    3.1250    3.9211    
SITE340      9      0.3333     0.5556     -1.0455    2.5556    3.5746    
SITE343      9      0.4444     0.4444     -1.0298    2.4444    3.4319    
SITE345      7      0.4286     0.5714     -0.8272    2.1429    3.1848    
SITE353      7      0.5714     0.5714     -0.6667    2.0000    3.1623    
SITE355      8      0.5000     0.6250     -0.5795    2.3750    3.9211    
SITE358      11     0.3636     0.5455     -1.1208    2.0909    2.8762    
SITE360      7      0.4286     0.7143     -0.6213    1.8571    3.0000    
SITE362      11     0.3636     0.5455     -0.9631    3.1818    4.5427    
SITE363      9      0.5556     0.6667     -0.5000    1.6667    2.8868    
SITE366      9      0.4444     0.5556     -0.9705    2.7778    3.9581    
SITE367      7      0.5714     0.5714     -0.5653    2.1429    3.5657    
SITE375      5      0.6000     0.8000     -0.4167    2.0000    3.6878    
SITE376      8      0.2500     0.3750     -1.5652    3.0000    3.8406    
SITE377      10     0.3000     0.5000     -1.1739    2.7000    3.6742    
SITE380      6      0.3333     0.3333     -1.4272    3.5000    4.5644    
SITE385      8      0.2500     0.5000     -1.2857    3.0000    4.0000    
SITE386      10     0.4000     0.6000     -0.9690    2.5000    3.5637    
SITE389      10     0.6000     0.7000     -0.4175    1.8000    3.3166    
SITE397      12     0.1667     0.4167     -1.6497    3.4167    4.3301    
SITE401      5      0.8000     0.8000     -0.2500    1.2000    2.6833    
SITE407      5      0.8000     0.8000     -0.2500    1.2000    2.6833    
SITE411      26     0.2692     0.5769     -0.7783    2.1923    2.8488    
SITE417      21     0.2381     0.6190     -0.0004    1.9524    2.4976    
SITE420      11     0.1818     0.3636     -2.3478    3.2727    3.9080    
SITE421      8      0.3750     0.6250     -0.9412    2.0000    2.8723    
SITE422      9      0.1111     0.6667     -0.4447    2.1111    2.6034    
SITE424      5      0.6000     0.6000     -0.5263    2.0000    3.4059    
SITE426      13     0.4615     0.5385     -0.3743    2.0769    2.9221    
SITE430      7      0.4286     0.5714     -0.9521    3.7143    5.3184    
SITE434      9      0.2222     0.4444     -0.0721    2.3333    3.0000    
SITE435      9      0.3333     0.4444     -1.1329    3.1111    4.2687    
SITE437      15     0.2000     0.4667     -0.5041    2.6000    3.1091    
SITE438      14     0.2143     0.7143     -0.1918    1.7857    2.3146    
SITE439      12     0.2500     0.5000     -0.2406    2.3333    3.0277    
SITE442      16     0.2500     0.5625     -0.7143    2.8750    3.8730    
SITE446      18     0.1667     0.3889     -1.1246    3.6111    4.3525    
SITE454      6      0.5000     0.5000     -0.8750    2.3333    3.4157    
SITE455      7      0.1429     0.4286     -1.6622    3.5714    4.5198    
SITE463      5      0.4000     0.6000     -1.0103    2.8000    3.9497    
SITE464      6      0.5000     0.5000     -0.8710    3.0000    4.3970    
SITE468      5      0.4000     0.6000     -0.2338    2.0000    2.7568    
SITE471      15     0.3333     0.4000     -1.1962    3.3333    4.5166    
SITE474      6      0.3333     0.5000     -1.0000    2.5000    3.5355    
SITE477      9      0.4444     0.5556     -0.8616    2.5556    3.7565    
SITE483      8      0.2500     0.3750     -2.0403    3.8750    4.7302    
SITE485      9      0.4444     0.7778     0.5622     1.4444    2.1858    
SITE486      5      0.6000     0.6000     -0.6532    1.8000    2.8636    
SITE490      11     0.2727     0.4545     -1.4062    2.7273    3.5675    
SITE492      5      0.4000     0.6000     -0.3571    1.4000    1.9494    
SITE506      8      0.5000     0.5000     -0.6583    2.1250    3.3727    
SITE508      24     0.2917     0.4583     -1.3167    3.3750    4.4768    
SITE520      15     0.3333     0.4000     -1.2948    3.1333    4.1713    
SITE521      15     0.2667     0.4000     -1.7123    4.4000    5.5377    
SITE522      15     0.4000     0.4667     -1.1103    2.7333    3.7683    
SITE528      9      0.4444     0.5556     -0.9423    2.3333    3.3500    
SITE538      7      0.2857     0.2857     -1.7396    4.7143    5.9161    
SITE539      5      0.4000     0.4000     -1.4336    3.6000    4.6904    
SITE541      8      0.2500     0.2500     -2.3122    5.1250    6.1339    
SITE542      7      0.1429     0.1429     -2.7692    5.1429    6.0000    
SITE545      8      0.2500     0.6250     -0.2228    2.3750    3.2210    
SITE557      16     0.1875     0.6250     -0.1379    2.2500    2.8723    
SITE561      14     0.1429     0.2143     -2.8368    5.0714    5.8979    
SITE563      9      0.2222     0.6667     -0.3378    2.5556    3.3166    
SITE564      7      0.2857     0.2857     -1.9321    4.5714    5.6315    
SITE569      11     0.2727     0.7273     -0.0127    1.7273    2.4309    
SITE572      7      0.2857     0.8571     -0.0640    1.7143    2.3299    
SITE574      6      0.3333     0.5000     -1.0743    2.8333    3.9370    
SITE575      14     0.2143     0.6429     -0.3509    2.1429    2.8031    
SITE577      6      0.3333     0.6667     -0.4030    1.8333    2.7988    
SITE578      7      0.2857     0.5714     -1.7045    2.1429    2.6992    
SITE581      9      0.3333     0.5556     -0.3463    2.1111    2.8480    
SITE584      7      0.4286     0.5714     -1.1803    1.7143    2.3299    
SITE587      8      0.3750     0.5000     -1.0864    3.3750    4.6771    
SITE593      10     0.4000     0.8000     -0.2416    1.8000    2.7203    
SITE595      16     0.3125     0.5000     -0.4241    2.3125    3.0923    
SITE597      7      0.2857     0.5714     -0.0523    2.0000    2.5635    
SITE598      7      0.2857     0.5714     -1.0417    2.1429    3.0000    
SITE601      8      0.2500     0.2500     -2.5556    5.7500    6.7823    
SITE602      10     0.3000     0.8000     -0.1389    1.8000    2.8636    
SITE606      13     0.3077     0.6154     -0.8233    2.9231    4.3501    
SITE607      9      0.2222     0.3333     -1.6562    3.7778    4.7842    
SITE610      8      0.2500     0.3750     -1.6309    3.3750    4.2866    
SITE612      13     0.2308     0.3077     -1.7841    3.5385    4.4202    
SITE616      11     0.2727     0.6364     -0.9135    2.8182    4.0788    
SITE617      10     0.2000     0.6000     -0.1064    2.4000    3.2249    
SITE620      15     0.2667     0.5333     -1.0154    3.0667    4.3205    
SITE622      10     0.3000     0.7000     -0.0063    1.8000    2.5298    
SITE623      8      0.2500     0.8750     -0.6667    1.2500    1.5811    
SITE624      7      0.1429     0.5714     -1.6409    2.7143    3.4434    
SITE626      7      0.2857     0.8571     -0.1947    1.8571    3.1848    
SITE629      10     0.2000     0.6000     -0.1081    2.3000    2.8810    
SITE639      10     0.2000     0.6000     -0.2438    2.4000    3.1623    
SITE658      12     0.1667     0.2500     -2.7042    4.8333    5.6569    
SITE683      7      0.4286     0.7143     -1.1000    1.5714    2.1712    
SITE684      13     0.1538     0.2308     -3.1935    5.0769    5.8177    
SITE692      13     0.2308     0.3846     -0.9242    2.9231    3.5518    
SITE719      14     0.2857     0.7857     -0.0220    1.7857    2.4349    
SITE721      10     0.2000     0.6000     -0.0011    2.5000    3.0822    
SITE722      13     0.2308     0.6923     -0.0389    1.8462    2.3859    
SITE725      7      0.1429     0.5714     -0.0269    2.1429    2.6458    
SITE734      10     0.3000     0.7000     -0.2204    1.9000    2.5884    
SITE735      13     0.2308     0.4615     -0.8826    3.0000    3.9321    
SITE739      10     0.2000     0.5000     -0.0013    2.3000    2.8107    
SITE747      27     0.1852     0.5926     -0.4022    2.2963    3.0429    
SITE760      29     0.8621     0.8966     -0.0410    0.5172    1.5647    
SITE786      9      0.2222     0.6667     -0.4537    2.7778    4.1767    
SITE801      7      0.2857     0.7143     -0.2801    2.1429    3.3594    
SITE802      8      0.3750     0.6250     -0.7670    2.6250    3.9843    
SITE821      9      0.3333     0.3333     -1.4653    3.8889    5.0442    
SITE831      9      0.2222     0.3333     -1.7561    4.0000    5.0111    
SITE844      6      0.3333     0.6667     -0.0330    1.8333    2.7988    
SITE852      13     0.1538     0.6154     -0.0077    2.2308    2.6458    
--------------------------------------------------------------------------------------------------------------
OVERALL      2655   0.2780     0.5612     -0.5809    2.5834    3.5710    
--------------------------------------------------------------------------------------------------------------
