--------------------------------------------------------------------------------------------------------------
Site         N      Accuracy   +-2 Acc    R2         MAE(mi)    RMSE(mi)  
--------------------------------------------------------------------------------------------------------------
SITE4        7      0.2857     0.7143     -0.8812    1.8571    2.4785    
SITE5        11     0.0909     0.6364     -0.1657    2.0909    2.5406    
SITE6        13     0.2308     0.5385     -0.8524    3.4615    4.6492    
SITE7        31     0.2581     0.6452     -0.0043    1.9032    2.4692    
SITE8        14     0.2857     0.7143     -0.4422    1.7143    2.4202    
SITE10       16     0.3750     0.6250     -1.0102    2.4375    3.7165    
SITE11       6      0.3333     0.5000     -1.7692    3.3333    4.4721    
SITE12       16     0.1250     0.5000     -0.8497    2.6875    3.3819    
SITE13       29     0.1724     0.7586     -0.6469    2.0345    2.5529    
SITE14       10     0.3000     0.7000     -0.0740    2.0000    2.7203    
SITE15       19     0.1053     0.3158     -1.5359    3.6316    4.1486    
SITE17       21     0.2381     0.4762     -1.4602    3.1905    4.2370    
SITE18       20     0.4000     0.8500     0.3642     1.3500    2.0372    
SITE19       44     0.2727     0.7727     0.1616     1.4318    1.9365    
SITE20       10     0.1000     0.7000     -1.5387    3.3000    4.4385    
SITE21       14     0.2857     0.7857     0.1430     1.7143    2.6458    
SITE22       60     0.3833     0.8833     0.0084     1.0667    1.6228    
SITE24       11     0.1818     0.6364     0.0435     2.0000    2.4121    
SITE25       24     0.1667     0.7500     -0.0254    1.7917    2.2638    
SITE26       16     0.4375     0.7500     0.2111     1.6250    2.6220    
SITE29       17     0.1176     0.3529     -1.3787    3.5294    4.2008    
SITE30       13     0.0000     0.6154     -0.3286    2.7692    3.4862    
SITE33       22     0.1818     0.5909     -0.0115    2.0909    2.5584    
SITE35       7      0.2857     0.2857     -2.0281    5.4286    6.6332    
SITE36       10     0.3000     0.5000     -1.0418    3.6000    5.0398    
SITE40       24     0.2917     0.6667     -0.6907    1.9583    2.6536    
SITE41       31     0.2581     0.6774     0.0425     1.7419    2.2288    
SITE42       12     0.2500     0.2500     -0.6522    3.3333    3.9791    
SITE43       19     0.1053     0.3158     -1.1111    3.0526    3.5393    
SITE45       23     0.3043     0.5652     -0.5490    2.6087    3.5509    
SITE48       16     0.1875     0.5625     -0.1158    2.2500    2.7157    
SITE49       10     0.2000     0.8000     0.0991     1.6000    2.0000    
SITE50       8      0.3750     0.3750     -1.8507    4.0000    5.2678    
SITE53       15     0.2667     0.6667     0.0080     1.8000    2.4631    
SITE58       21     0.1905     0.4762     -0.6666    2.6190    3.3310    
SITE59       12     0.2500     0.2500     -0.9559    3.1667    3.7639    
SITE65       13     0.2308     0.4615     -0.7864    3.0769    3.9419    
SITE66       11     0.2727     0.5455     -0.5605    2.3636    3.3303    
SITE73       18     0.3333     0.6667     0.0632     2.0000    3.0912    
SITE75       13     0.0769     0.6923     -0.1112    2.2308    2.6747    
SITE76       7      0.2857     0.2857     -1.8730    4.8571    6.0000    
SITE78       11     0.2727     0.4545     -0.9475    3.2727    4.4313    
SITE80       6      0.5000     0.5000     -0.7918    2.8333    4.2622    
SITE81       10     0.4000     0.7000     -0.2221    2.1000    3.0496    
SITE84       16     0.3125     0.8125     -0.3220    1.5000    2.2079    
SITE86       10     0.2000     0.7000     -0.3743    2.2000    3.0659    
SITE94       21     0.3810     0.5714     -0.8821    2.3810    3.4778    
SITE95       6      0.3333     0.3333     -1.1782    3.8333    5.2122    
SITE96       6      0.5000     0.5000     -0.6566    2.3333    3.6968    
SITE97       7      0.4286     0.4286     -1.3018    4.8571    6.4587    
SITE98       20     0.2000     0.6000     -0.3498    2.3000    3.0496    
SITE104      12     0.3333     0.5833     -0.6441    1.9167    2.6926    
SITE106      14     0.2143     0.8571     0.1523     1.7857    2.5774    
SITE111      15     0.2000     0.2667     -2.4664    4.5333    5.4160    
SITE115      17     0.1176     0.5882     -0.7306    2.5882    3.3607    
SITE116      14     0.2143     0.5714     -0.7393    2.6429    3.6154    
SITE117      24     0.2500     0.6250     -0.9150    2.1250    2.8940    
SITE119      12     0.3333     0.6667     -0.7526    2.6667    3.7639    
SITE125      8      0.1250     0.6250     -0.8122    2.8750    3.9211    
SITE127      16     0.1250     0.8125     0.1250     1.7500    2.0917    
SITE128      18     0.2778     0.5000     -0.9927    2.6111    3.6591    
SITE129      15     0.4000     0.6667     -0.6760    2.4000    3.6515    
SITE132      8      0.2500     0.7500     -0.3112    2.1250    3.3354    
SITE134      9      0.1111     0.5556     -0.0831    2.3333    2.8087    
SITE156      17     0.1765     0.4118     -0.7967    2.8235    3.4979    
SITE160      10     0.3000     0.6000     -0.5239    2.3000    3.2404    
SITE161      14     0.2143     0.3571     -0.4766    2.6429    3.1053    
SITE165      7      0.2857     0.5714     -0.0973    2.2857    2.8785    
SITE167      11     0.1818     0.2727     -5.8493    5.5455    6.5157    
SITE168      10     0.3000     0.8000     0.2196     1.9000    2.7386    
SITE169      14     0.2857     0.4286     -0.8232    2.7143    3.4017    
SITE171      14     0.2857     0.5714     -1.0687    2.6429    3.6351    
SITE178      12     0.2500     0.6667     0.0266     1.7500    2.2546    
SITE179      27     0.2593     0.6296     -0.3441    2.0370    2.7555    
SITE186      19     0.1579     0.3684     -0.9347    3.4211    4.1231    
SITE193      15     0.3333     0.5333     -1.4218    3.4000    4.8374    
SITE194      18     0.3333     0.7778     -0.3343    1.6667    2.3805    
SITE198      14     0.4286     0.7143     -0.5635    1.7857    2.7903    
SITE203      33     0.2727     0.5758     -0.8018    2.6364    3.5887    
SITE205      24     0.1667     0.5417     -0.3765    2.4583    2.9510    
SITE207      12     0.2500     0.7500     -0.2541    1.6667    2.1985    
SITE208      13     0.1538     0.4615     -1.4386    3.5385    4.5234    
SITE209      8      0.2500     0.7500     -0.1009    1.8750    2.3717    
SITE212      9      0.3333     0.6667     0.2527     1.6667    2.2852    
SITE215      33     0.3636     0.5758     -0.8755    2.6364    3.7699    
SITE217      16     0.1250     0.6250     -0.2407    2.2500    2.8940    
SITE219      15     0.3333     0.5333     -0.5731    2.6000    3.5119    
SITE229      14     0.1429     0.4286     -0.7049    2.9286    3.6742    
SITE230      11     0.4545     0.7273     0.0325     1.9091    3.1766    
SITE231      7      0.1429     0.2857     -2.6577    4.8571    5.7570    
SITE234      11     0.2727     0.8182     -0.1702    1.4545    1.9069    
SITE239      15     0.2667     0.6000     -0.2750    2.3333    3.1937    
SITE240      14     0.2857     0.7143     0.0679     1.9286    2.6859    
SITE241      25     0.2800     0.6000     -0.5833    2.4400    3.4928    
SITE244      12     0.1667     0.3333     -1.9452    4.0833    5.0744    
SITE245      15     0.2667     0.4667     -1.4228    3.4667    4.5753    
SITE251      11     0.1818     0.3636     -1.7564    3.5455    4.4415    
SITE253      30     0.3000     0.6000     -0.6993    2.3667    3.2404    
SITE256      5      0.2000     0.6000     -0.5517    2.0000    2.6833    
SITE258      12     0.2500     0.6667     -0.1111    2.0000    2.5820    
SITE259      9      0.3333     0.3333     -1.3491    3.8889    5.1316    
SITE261      15     0.3333     0.6667     -0.4316    2.4000    3.4641    
SITE262      20     0.3000     0.7500     -0.5483    1.9000    2.9155    
SITE268      13     0.2308     0.3846     -1.1822    3.3846    4.2426    
SITE272      13     0.2308     0.5385     -0.0562    2.3846    3.0000    
SITE276      12     0.1667     0.3333     -2.6583    3.0833    3.6171    
SITE301      5      1.0000     1.0000     1.0000     0.0000    0.0000    
SITE304      5      0.6000     0.6000     -0.6602    2.6000    4.1231    
SITE309      13     0.3077     0.3846     -1.3287    3.4615    4.5826    
SITE310      7      0.2857     0.7143     -0.5909    2.4286    3.4847    
SITE322      9      0.5556     0.6667     -0.5414    1.5556    2.6247    
SITE323      9      0.4444     0.5556     -0.9565    2.4444    3.4960    
SITE324      17     0.1765     0.5294     -0.4122    2.8235    3.5314    
SITE325      8      0.3750     0.6250     -0.8913    3.2500    4.6637    
SITE327      16     0.2500     0.3750     -1.5152    3.6875    4.7236    
SITE330      14     0.2857     0.5000     -1.3029    2.8571    3.7985    
SITE331      7      0.4286     0.4286     -1.0811    2.8571    3.9641    
SITE332      9      0.4444     0.6667     -0.9286    1.4444    2.0817    
SITE333      5      0.6000     0.8000     -0.4167    1.0000    1.8439    
SITE334      12     0.3333     0.3333     -1.5410    3.2500    4.1733    
SITE336      5      0.6000     0.8000     -0.5625    1.2000    2.0000    
SITE338      5      0.4000     0.8000     -1.1250    1.4000    1.8439    
SITE339      8      0.3750     0.5000     -1.5404    2.7500    3.7749    
SITE340      12     0.3333     0.5000     -1.1620    2.5833    3.5237    
SITE343      12     0.4167     0.5000     -0.3215    2.0833    2.8723    
SITE345      7      0.4286     0.5714     -0.8272    2.1429    3.1848    
SITE353      8      0.6250     0.6250     -0.5385    1.7500    2.9580    
SITE355      9      0.5556     0.6667     -0.4839    2.1111    3.6968    
SITE358      14     0.3571     0.5714     -0.8828    2.2857    3.3381    
SITE360      8      0.5000     0.7500     -0.5045    1.6250    2.8062    
SITE361      7      0.4286     0.4286     -1.1655    2.5714    3.5051    
SITE362      11     0.3636     0.5455     -0.9631    3.1818    4.5427    
SITE363      11     0.5455     0.6364     -0.5641    1.7273    2.8762    
SITE366      12     0.3333     0.4167     -1.4363    3.2500    4.2328    
SITE367      8      0.6250     0.6250     -0.4620    1.8750    3.3354    
SITE375      6      0.5000     0.6667     -0.5768    2.1667    3.5824    
SITE376      9      0.3333     0.4444     -1.1852    2.6667    3.6209    
SITE377      12     0.4167     0.5833     -0.8182    2.2500    3.3541    
SITE380      8      0.3750     0.3750     -1.2425    3.1250    4.1982    
SITE383      4      0.5000     0.5000     -0.8889    2.0000    2.9155    
SITE385      9      0.2222     0.4444     -0.9107    2.7778    3.4480    
SITE386      11     0.4545     0.6364     -0.8096    2.2727    3.3979    
SITE388      7      0.2857     0.5714     -1.2427    2.2857    3.0706    
SITE389      11     0.6364     0.7273     -0.3657    1.6364    3.1623    
SITE397      14     0.2143     0.5000     -1.0029    2.8571    3.7607    
SITE401      7      0.5714     0.5714     -0.6550    1.8571    2.9520    
SITE404      6      0.3333     0.5000     -1.3500    3.0000    3.9581    
SITE406      6      0.3333     0.6667     -0.1489    2.1667    3.2404    
SITE407      7      0.7143     0.8571     -0.2333    1.0000    2.2991    
SITE411      29     0.2759     0.6207     -0.6359    2.0345    2.7101    
SITE417      24     0.2083     0.5833     -0.0717    2.0417    2.5577    
SITE420      15     0.0667     0.5333     -0.9907    2.6667    3.0768    
SITE421      11     0.3636     0.5455     -0.9719    2.7273    3.8847    
SITE422      13     0.2308     0.6154     0.0501     1.8462    2.3205    
SITE424      6      0.6667     0.6667     -0.4032    1.6667    3.1091    
SITE426      15     0.3333     0.4667     -1.3046    2.9333    3.8987    
SITE430      9      0.3333     0.4444     -1.3648    4.2222    5.5578    
SITE434      12     0.2500     0.5000     0.1829     1.9167    2.3629    
SITE435      9      0.3333     0.4444     -1.1329    3.1111    4.2687    
SITE437      18     0.1667     0.5556     -0.2986    2.3889    2.8964    
SITE438      15     0.2000     0.7333     -0.4521    1.9333    2.6204    
SITE439      13     0.2308     0.4615     -0.4906    2.6154    3.4862    
SITE442      19     0.2632     0.5789     -0.7279    2.6842    3.6491    
SITE443      6      0.3333     0.5000     -1.0576    3.5000    4.8819    
SITE446      18     0.2778     0.3889     -2.0717    4.0556    5.2334    
SITE447      5      0.4000     0.4000     -0.7991    3.0000    3.9243    
SITE454      7      0.5714     0.5714     -0.6667    2.0000    3.1623    
SITE455      9      0.2222     0.4444     -1.4384    3.8889    5.0881    
SITE460      4      0.2500     0.5000     0.0000     2.5000    3.0822    
SITE461      5      0.2000     0.4000     -0.0045    2.6000    3.0000    
SITE463      6      0.3333     0.5000     -1.3738    3.5000    4.6007    
SITE464      8      0.5000     0.5000     -0.8993    3.1250    4.5415    
SITE468      6      0.1667     0.3333     -1.6518    3.5000    4.0620    
SITE469      4      0.2500     1.0000     -2.2727    1.2500    1.5000    
SITE471      17     0.3529     0.4118     -1.1710    3.2941    4.4853    
SITE474      6      0.3333     0.5000     -1.0000    2.5000    3.5355    
SITE477      14     0.4286     0.5714     -0.8308    2.5714    3.8173    
SITE483      9      0.2222     0.3333     -2.2838    4.3333    5.1962    
SITE485      10     0.2000     0.2000     -3.1159    5.5000    6.3640    
SITE486      6      0.6667     0.6667     -0.4909    1.5000    2.6141    
SITE490      13     0.3077     0.5385     -0.8871    2.4615    3.3282    
SITE492      6      0.3333     0.6667     -0.5506    1.5000    1.9579    
SITE506      10     0.5000     0.6000     -0.6129    1.9000    3.0822    
SITE508      27     0.2963     0.4815     -1.2368    3.2222    4.3333    
SITE510      6      0.5000     0.5000     -0.7253    2.1667    3.3417    
SITE520      16     0.2500     0.4375     -1.4205    3.1875    4.1608    
SITE521      17     0.2941     0.4706     -1.4167    4.0000    5.2244    
SITE522      18     0.3889     0.4444     -1.1479    3.1111    4.2557    
SITE528      11     0.4545     0.5455     -0.9085    2.1818    3.1623    
SITE538      7      0.2857     0.5714     -0.6438    3.2857    4.5826    
SITE539      7      0.4286     0.4286     -1.2716    3.2857    4.3916    
SITE540      6      0.3333     0.5000     -1.1236    3.3333    4.5826    
SITE541      9      0.3333     0.3333     -1.6352    4.5556    5.7831    
SITE542      8      0.2500     0.2500     -1.8000    4.5000    5.6125    
SITE545      9      0.3333     0.5556     -0.5769    2.5556    3.6968    
SITE547      7      0.5714     0.5714     -0.6042    3.4286    5.3184    
SITE556      6      0.3333     0.5000     -0.1300    2.5000    3.4400    
SITE557      19     0.2632     0.6842     0.0589     2.0000    2.6950    
SITE561      15     0.1333     0.3333     -1.0232    3.5333    4.2661    
SITE563      10     0.2000     0.7000     -0.3464    2.5000    3.2094    
SITE564      9      0.2222     0.3333     -2.0851    4.6667    5.6765    
SITE568      7      0.4286     0.7143     0.4307     1.2857    1.9640    
SITE569      11     0.2727     0.7273     -0.0127    1.7273    2.4309    
SITE572      8      0.3750     0.6250     -0.6000    2.6250    3.7914    
SITE574      9      0.2222     0.4444     -1.2675    3.5556    4.6428    
SITE575      15     0.2000     0.6000     -0.4465    2.4000    3.1198    
SITE577      9      0.3333     0.3333     -1.5652    4.0000    5.1208    
SITE578      7      0.2857     0.5714     -1.7045    2.1429    2.6992    
SITE580      6      0.1667     0.5000     -1.3600    3.6667    4.4347    
SITE581      10     0.5000     0.7000     -0.0339    1.6000    2.4083    
SITE584      8      0.3750     0.5000     -0.8630    2.6250    3.8568    
SITE587      8      0.3750     0.5000     -1.0864    3.3750    4.6771    
SITE593      11     0.3636     0.7273     -0.3488    2.0000    2.8604    
SITE595      18     0.1667     0.3889     -2.0349    3.8889    4.7493    
SITE597      8      0.3750     0.6250     0.2893     1.6250    2.2079    
SITE598      7      0.2857     0.5714     -1.0417    2.1429    3.0000    
SITE601      8      0.2500     0.2500     -2.5556    5.7500    6.7823    
SITE602      12     0.3333     0.7500     -0.2253    2.0833    3.3040    
SITE606      15     0.1333     0.4000     -2.3627    4.7333    5.8935    
SITE607      12     0.1667     0.2500     -2.8470    5.0833    5.9090    
SITE610      10     0.2000     0.3000     -2.0076    4.3000    5.2631    
SITE612      14     0.2857     0.3571     -1.4694    3.2857    4.2594    
SITE616      13     0.3077     0.6154     -0.6642    2.6923    3.8331    
SITE617      10     0.2000     0.6000     -0.8723    3.0000    4.1952    
SITE620      17     0.2941     0.5294     -0.9558    2.8824    4.1231    
SITE622      13     0.2308     0.7692     -0.5481    2.2308    3.2933    
SITE623      8      0.2500     0.8750     -0.6667    1.2500    1.5811    
SITE624      9      0.2222     0.7778     -0.7152    2.1111    3.0732    
SITE626      10     0.3000     0.7000     -0.4479    2.7000    4.1352    
SITE629      13     0.2308     0.6154     -0.1182    2.3846    3.0760    
SITE639      11     0.1818     0.2727     -2.4202    4.3636    5.1874    
SITE648      7      0.2857     0.4286     -1.3832    4.1429    5.4380    
SITE658      16     0.1875     0.5625     -0.1270    2.3750    2.9791    
SITE683      7      0.4286     0.7143     -1.1000    1.5714    2.1712    
SITE684      14     0.1429     0.6429     -0.3646    2.4286    3.3166    
SITE692      15     0.3333     0.4667     -0.6667    2.5333    3.3066    
SITE719      16     0.2500     0.6875     -0.1163    2.1875    2.9047    
SITE721      12     0.1667     0.5833     -0.0031    2.5000    3.0000    
SITE722      14     0.2857     0.6429     -0.3720    2.0000    2.6458    
SITE725      9      0.3333     0.6667     -0.2838    2.1111    3.2489    
SITE734      13     0.3077     0.6923     0.0586     1.8462    2.5420    
SITE735      17     0.1176     0.4118     -1.0822    3.4118    4.1445    
SITE739      10     0.2000     0.5000     -0.0013    2.3000    2.8107    
SITE747      30     0.1667     0.6333     -0.3209    2.2667    2.9098    
SITE760      33     0.8788     0.9091     -0.0358    0.4545    1.4668    
SITE786      10     0.2000     0.2000     -3.0056    5.7000    6.5803    
SITE801      8      0.3750     0.5000     0.1111     2.0000    2.7386    
SITE802      9      0.3333     0.6667     -0.8138    2.5556    3.8152    
SITE807      7      0.5714     0.8571     0.2933     1.0000    1.7321    
SITE808      7      0.1429     0.5714     -0.3722    3.0000    3.5657    
SITE821      10     0.1000     0.3000     -0.1733    2.9000    3.3015    
SITE831      11     0.1818     0.2727     -2.0992    4.1818    5.0812    
SITE844      7      0.4286     0.7143     -0.0281    1.5714    2.5912    
SITE852      14     0.1429     0.5714     -0.5265    2.5714    3.1623    
SITE871      7      0.2857     0.4286     -1.2472    3.7143    4.9857    
--------------------------------------------------------------------------------------------------------------
OVERALL      3232   0.2887     0.5718     -0.5747    2.5659    3.5847    
--------------------------------------------------------------------------------------------------------------
