--------------------------------------------------------------------------------------------------------------
Site         N      Accuracy   +-2 Acc    R2         MAE(mi)    RMSE(mi)  
--------------------------------------------------------------------------------------------------------------
SITE4        5      0.6000     0.8000     0.2778     1.0000    1.6125    
SITE5        11     0.1818     0.8182     0.3761     1.4545    1.8586    
SITE6        12     0.5000     0.8333     0.5881     1.1667    2.0817    
SITE7        29     0.3448     0.7931     0.0634     1.5172    2.3635    
SITE8        11     0.1818     1.0000     0.3613     1.0909    1.2792    
SITE10       14     0.2857     0.6429     0.2839     1.6429    2.2200    
SITE11       6      0.1667     0.3333     -1.4923    3.6667    4.2426    
SITE12       15     0.4667     0.9333     0.7041     0.8667    1.3904    
SITE13       26     0.3462     0.6923     -0.4777    1.7308    2.4258    
SITE14       9      0.2222     0.7778     0.5355     1.5556    1.8856    
SITE15       16     0.1875     0.6875     -0.4961    2.3750    3.1024    
SITE17       16     0.3750     0.7500     0.2056     1.5625    2.3049    
SITE18       18     0.6667     0.8889     0.6723     0.7222    1.5092    
SITE19       34     0.3235     0.8824     0.1486     1.2353    1.7657    
SITE20       10     0.4000     0.8000     0.6005     1.3000    1.7607    
SITE21       13     0.5385     0.7692     0.4188     1.2308    2.1483    
SITE22       52     0.4808     0.9423     0.5202     0.7692    1.1767    
SITE24       9      0.3333     0.5556     0.0090     1.8889    2.6034    
SITE25       23     0.3043     0.7391     0.2873     1.3478    1.8766    
SITE26       13     0.3846     0.7692     0.4049     1.4615    2.2361    
SITE29       16     0.1875     0.4375     0.0168     2.3125    2.7042    
SITE30       12     0.4167     0.9167     0.8022     0.8333    1.2247    
SITE33       16     0.3750     0.7500     0.0044     1.6250    2.5000    
SITE35       6      0.6667     0.8333     0.5693     1.1667    2.1985    
SITE36       8      0.3750     0.7500     0.2358     2.1250    3.1820    
SITE40       20     0.4000     0.7000     -0.2620    1.6500    2.2913    
SITE41       28     0.5714     0.8929     0.6200     0.8214    1.4516    
SITE42       9      0.5556     0.6667     0.5558     1.3333    2.0548    
SITE43       15     0.3333     0.8000     0.1482     1.5333    2.2657    
SITE45       19     0.3158     0.7368     0.5266     1.5263    1.9868    
SITE48       15     0.2667     0.6667     -0.1782    2.0667    2.8636    
SITE49       10     0.5000     0.8000     0.0315     1.3000    2.0736    
SITE50       6      0.8333     1.0000     0.9839     0.1667    0.4082    
SITE53       13     0.4615     0.8462     0.5730     1.0769    1.6641    
SITE58       20     0.3000     0.8000     0.4682     1.3500    1.8574    
SITE59       9      0.3333     0.7778     0.3293     1.6667    2.4721    
SITE65       12     0.4167     0.7500     0.2798     1.5833    2.5331    
SITE66       11     0.2727     0.3636     -1.9930    3.4545    4.6122    
SITE73       16     0.4375     0.7500     0.2384     1.7500    2.8062    
SITE75       11     0.5455     0.6364     0.2334     1.5455    2.3932    
SITE76       7      0.7143     0.7143     0.4870     1.2857    2.5355    
SITE78       10     0.5000     0.8000     0.6795     1.2000    1.8439    
SITE80       6      0.8333     0.8333     0.8521     0.5000    1.2247    
SITE81       9      0.4444     0.7778     0.5015     1.4444    2.0276    
SITE84       14     0.5000     0.9286     0.5172     0.8571    1.3093    
SITE86       10     0.4000     0.7000     -0.3596    1.9000    3.0496    
SITE94       17     0.2353     0.4706     -0.1733    2.2941    2.8180    
SITE97       6      0.8333     0.8333     0.5413     1.1667    2.8577    
SITE98       19     0.2105     0.6316     -0.0668    2.0526    2.7815    
SITE104      11     0.3636     0.8182     0.0762     1.3636    1.9771    
SITE106      12     0.2500     0.7500     0.0676     2.0000    2.7689    
SITE111      11     0.4545     0.5455     0.0452     2.0000    2.9542    
SITE115      16     0.3125     0.7500     -0.4873    2.0625    3.2113    
SITE116      13     0.4615     0.8462     0.4736     1.1538    1.9415    
SITE117      21     0.3810     0.7619     -0.0420    1.5238    2.2254    
SITE119      10     0.3000     0.8000     -0.4104    2.2000    3.1623    
SITE127      12     0.2500     0.8333     0.4742     1.3333    1.6833    
SITE128      14     0.5000     0.9286     0.8104     0.7143    1.1339    
SITE129      14     0.2857     0.5000     0.1138     2.0714    2.6592    
SITE132      8      0.3750     0.8750     0.3223     1.5000    2.3979    
SITE134      8      0.5000     0.6250     -0.3282    2.1250    3.2977    
SITE156      12     0.5833     0.8333     0.4432     1.0000    1.7795    
SITE160      9      0.3333     0.6667     -0.0788    2.0000    2.7889    
SITE161      12     0.4167     0.6667     0.4362     1.4167    2.0207    
SITE165      7      0.4286     0.8571     0.6595     1.1429    1.6036    
SITE167      10     0.5000     0.7000     -0.3363    1.7000    3.0166    
SITE168      9      0.5556     0.8889     0.7632     0.8889    1.5635    
SITE169      13     0.4615     0.6154     -0.1534    1.8462    2.7175    
SITE171      10     0.5000     0.8000     0.5189     1.1000    1.9235    
SITE178      9      0.3333     0.8889     0.0664     1.5556    2.3570    
SITE179      21     0.2381     0.6667     0.0462     1.8095    2.3905    
SITE186      17     0.4118     0.5882     -0.1518    2.1176    3.1249    
SITE193      12     0.4167     0.7500     0.0229     1.8333    2.8284    
SITE194      15     0.4000     0.7333     -0.5674    1.6667    2.4900    
SITE198      14     0.4286     0.8571     -0.0902    1.4286    2.3299    
SITE203      28     0.4286     0.8571     0.6507     1.1071    1.6147    
SITE205      20     0.3000     0.6000     -0.2254    2.1500    2.8196    
SITE207      11     0.4545     0.8182     0.1673     1.0909    1.8586    
SITE208      12     0.5000     0.6667     0.2941     1.5833    2.5000    
SITE209      6      0.3333     0.8333     0.4410     1.1667    1.5811    
SITE212      8      0.3750     0.3750     -0.6452    2.7500    3.5707    
SITE215      30     0.4667     0.8333     0.4276     1.3000    2.1213    
SITE217      14     0.2857     0.6429     -0.2745    2.2143    3.0355    
SITE219      13     0.4615     0.8462     0.0898     1.5385    2.4495    
SITE229      10     0.2000     0.7000     0.3677     1.6000    1.9494    
SITE230      8      0.6250     0.8750     0.4186     1.2500    2.5981    
SITE231      7      0.1429     0.4286     -1.0338    3.2857    4.2929    
SITE234      8      0.3750     0.7500     -0.2343    1.3750    1.8371    
SITE239      15     0.6000     0.8000     0.1083     1.4000    2.6708    
SITE240      12     0.1667     0.8333     0.6950     1.3333    1.6330    
SITE241      23     0.3478     0.6957     0.3380     1.5652    2.3219    
SITE244      9      0.6667     0.7778     0.7632     0.8889    1.5635    
SITE245      14     0.2857     0.5714     -0.1347    2.2143    3.0822    
SITE251      9      0.5556     0.6667     -0.5996    1.8889    3.1798    
SITE253      25     0.2400     0.8400     0.3651     1.4800    2.0298    
SITE256      5      0.4000     0.6000     -1.8017    2.6000    3.6056    
SITE258      10     0.4000     0.8000     -0.3953    1.6000    2.6833    
SITE259      6      0.6667     0.8333     0.2206     1.5000    2.9721    
SITE261      13     0.3077     0.6923     -0.3195    2.2308    3.3855    
SITE262      18     0.3889     0.7778     0.3908     1.3333    1.8559    
SITE268      12     0.6667     0.9167     0.7011     0.6667    1.5275    
SITE272      12     0.5000     0.8333     0.3393     1.3333    2.3805    
SITE276      10     0.5000     0.8000     0.4231     1.0000    1.5492    
SITE301      5      1.0000     1.0000     1.0000     0.0000    0.0000    
SITE309      12     0.5000     0.7500     0.4615     1.4167    2.2913    
SITE310      5      0.8000     0.8000     -0.3235    1.2000    2.6833    
SITE322      8      0.6250     0.8750     0.5467     0.8750    1.4577    
SITE323      8      0.7500     0.8750     0.3393     0.8750    2.1506    
SITE324      14     0.5000     0.7857     0.2024     1.4286    2.6186    
SITE325      6      0.6667     1.0000     0.8909     0.6667    1.1547    
SITE327      14     0.5000     0.7857     -0.1781    1.6429    3.0355    
SITE330      11     0.4545     0.8182     0.2385     1.4545    2.2156    
SITE331      6      0.5000     0.5000     0.2154     1.6667    2.3805    
SITE332      8      0.5000     0.7500     -0.5105    1.1250    1.8371    
SITE333      4      1.0000     1.0000     1.0000     0.0000    0.0000    
SITE334      9      0.4444     0.5556     -0.6797    2.1111    3.0000    
SITE336      4      0.7500     1.0000     0.6364     0.5000    1.0000    
SITE339      8      0.2500     0.3750     -0.4039    2.3750    2.8062    
SITE340      9      0.3333     0.6667     0.2885     1.5556    2.1082    
SITE343      9      0.6667     0.7778     0.6362     0.7778    1.4530    
SITE345      7      0.4286     0.8571     0.6140     1.0000    1.4639    
SITE353      7      0.7143     1.0000     0.9524     0.2857    0.5345    
SITE355      8      0.6250     0.8750     0.3451     1.1250    2.5249    
SITE358      11     0.4545     0.8182     0.4174     1.0000    1.5076    
SITE360      7      0.4286     0.8571     0.4338     1.1429    1.7728    
SITE362      11     0.5455     0.7273     0.4898     1.3636    2.3160    
SITE363      9      0.5556     0.6667     0.4400     1.1111    1.7638    
SITE366      9      0.4444     0.8889     0.6786     1.0000    1.5986    
SITE367      7      0.7143     0.8571     0.7714     0.7143    1.3628    
SITE375      5      1.0000     1.0000     1.0000     0.0000    0.0000    
SITE376      8      0.3750     0.6250     0.1522     1.6250    2.2079    
SITE377      10     0.5000     0.9000     0.7424     0.8000    1.2649    
SITE380      6      0.5000     0.6667     0.4951     1.3333    2.0817    
SITE385      8      0.7500     0.7500     0.1964     1.1250    2.3717    
SITE386      10     0.7000     0.9000     0.7364     0.7000    1.3038    
SITE389      10     0.7000     0.8000     0.4072     1.0000    2.1448    
SITE397      12     0.4167     0.8333     0.5761     1.1667    1.7321    
SITE401      5      1.0000     1.0000     1.0000     0.0000    0.0000    
SITE407      5      0.8000     0.8000     -0.2500    1.2000    2.6833    
SITE411      26     0.2692     0.6923     -0.4243    1.8846    2.5495    
SITE417      21     0.3333     0.8095     0.5265     1.2381    1.7182    
SITE420      11     0.3636     0.6364     -0.1957    1.6364    2.3355    
SITE421      8      0.3750     0.8750     0.4412     1.1250    1.5411    
SITE422      9      0.2222     0.7778     0.1474     1.5556    2.0000    
SITE424      5      0.8000     0.8000     -0.2895    1.4000    3.1305    
SITE426      13     0.5385     0.8462     0.5171     1.0000    1.7321    
SITE430      7      0.8571     1.0000     0.9901     0.1429    0.3780    
SITE434      9      0.5556     0.7778     0.2059     1.3333    2.5820    
SITE435      9      0.5556     0.6667     -0.0925    1.7778    3.0551    
SITE437      15     0.4667     0.6667     0.0871     1.6000    2.4221    
SITE438      14     0.2857     0.7857     -0.5255    1.8571    2.6186    
SITE439      12     0.5833     0.8333     0.7293     0.8333    1.4142    
SITE442      16     0.5625     0.9375     0.5857     0.8750    1.9039    
SITE446      18     0.4444     0.7222     -0.0280    1.9444    3.0277    
SITE454      6      0.6667     0.6667     -0.2054    1.5000    2.7386    
SITE455      7      0.1429     0.4286     -1.0106    3.1429    3.9279    
SITE463      5      0.6000     1.0000     0.7938     0.8000    1.2649    
SITE464      6      0.5000     0.8333     0.3871     1.3333    2.5166    
SITE468      5      0.4000     1.0000     0.6104     1.2000    1.5492    
SITE471      15     0.5333     0.7333     0.6268     1.2000    1.8619    
SITE474      6      0.5000     0.6667     -0.5733    1.8333    3.1358    
SITE477      9      0.5556     0.7778     -0.1580    1.6667    2.9627    
SITE483      8      0.6250     0.8750     0.6433     0.8750    1.6202    
SITE485      9      0.5556     1.0000     0.8676     0.7778    1.2019    
SITE486      5      0.8000     1.0000     0.9597     0.2000    0.4472    
SITE490      11     0.3636     0.7273     0.4156     1.2727    1.7581    
SITE492      5      0.6000     0.8000     0.2857     0.8000    1.4142    
SITE506      8      0.7500     0.7500     0.6720     0.7500    1.5000    
SITE508      24     0.2917     0.5833     -0.0548    2.2083    3.0208    
SITE520      15     0.5333     0.8667     0.7450     0.8667    1.3904    
SITE521      15     0.5333     0.8000     0.6462     1.2000    2.0000    
SITE522      15     0.5333     0.7333     0.3461     1.3333    2.0976    
SITE528      9      0.7778     1.0000     0.9615     0.2222    0.4714    
SITE538      7      0.5714     0.5714     -0.0064    2.2857    3.5857    
SITE539      5      0.2000     0.6000     -0.2168    2.6000    3.3166    
SITE541      8      0.6250     0.7500     0.7579     1.0000    1.6583    
SITE542      7      0.7143     0.8571     0.8504     0.5714    1.1952    
SITE545      8      0.5000     0.7500     0.5580     1.2500    1.9365    
SITE557      16     0.3750     1.0000     0.8103     0.8750    1.1726    
SITE561      14     0.2857     0.7143     0.0940     1.9286    2.8661    
SITE563      9      0.6667     0.8889     0.7568     0.6667    1.4142    
SITE564      7      0.4286     0.5714     0.4453     1.7143    2.4495    
SITE569      11     0.5455     0.8182     0.6261     0.9091    1.4771    
SITE572      7      0.7143     1.0000     0.8600     0.4286    0.8452    
SITE574      6      0.5000     1.0000     0.8662     0.6667    1.0000    
SITE575      14     0.2857     0.7857     0.0298     1.7857    2.3755    
SITE577      6      0.3333     0.6667     -1.2985    2.5000    3.5824    
SITE578      7      0.8571     1.0000     0.9470     0.1429    0.3780    
SITE581      9      0.7778     1.0000     0.9078     0.3333    0.7454    
SITE584      7      0.7143     1.0000     0.7131     0.4286    0.8452    
SITE587      8      0.6250     0.7500     0.2608     1.5000    2.7839    
SITE593      10     0.5000     0.9000     -0.0403    1.4000    2.4900    
SITE595      16     0.4375     0.6875     0.3578     1.4375    2.0767    
SITE597      7      0.5714     0.8571     0.5882     0.8571    1.6036    
SITE598      7      0.4286     0.8571     0.6111     0.8571    1.3093    
SITE601      8      0.7500     0.7500     0.5652     1.1250    2.3717    
SITE602      10     0.3000     0.8000     -0.1389    1.8000    2.8636    
SITE606      13     0.4615     0.9231     0.7258     1.0000    1.6871    
SITE607      9      0.4444     0.4444     -0.3152    2.4444    3.3665    
SITE610      8      0.6250     0.8750     0.7494     0.7500    1.3229    
SITE612      13     0.4615     0.6154     -0.5784    2.1538    3.3282    
SITE616      11     0.7273     0.9091     0.8536     0.5455    1.1282    
SITE617      10     0.7000     0.9000     0.7766     0.7000    1.4491    
SITE620      15     0.6000     0.8667     0.7553     0.9333    1.5055    
SITE622      10     0.5000     0.7000     0.3868     1.3000    1.9748    
SITE623      8      0.2500     1.0000     0.5000     0.7500    0.8660    
SITE624      7      0.2857     0.7143     -0.0818    1.7143    2.2039    
SITE626      7      0.5714     1.0000     0.9495     0.4286    0.6547    
SITE629      10     0.6000     0.8000     0.5194     1.0000    1.8974    
SITE639      10     0.5000     0.8000     0.6144     1.1000    1.7607    
SITE658      12     0.3333     0.9167     0.7588     1.0833    1.4434    
SITE683      7      0.7143     1.0000     0.6818     0.4286    0.8452    
SITE684      13     0.3846     0.6154     -0.2581    2.1538    3.1865    
SITE692      13     0.3846     0.6923     0.1435     1.6154    2.3697    
SITE719      14     0.5000     0.8571     0.1504     1.3571    2.2200    
SITE721      10     0.4000     0.8000     0.3045     1.8000    2.5690    
SITE722      13     0.4615     0.6923     0.0032     1.4615    2.3370    
SITE725      7      0.2857     0.7143     -0.6557    2.1429    3.3594    
SITE734      10     0.5000     0.7000     -0.1293    1.6000    2.4900    
SITE735      13     0.6154     0.9231     0.7939     0.7692    1.3009    
SITE739      10     0.4000     0.9000     0.7845     0.9000    1.3038    
SITE747      27     0.4074     0.7778     0.3101     1.4444    2.1344    
SITE760      29     0.8621     0.8966     -0.0410    0.5172    1.5647    
SITE786      9      0.4444     0.8889     0.7315     1.0000    1.7951    
SITE801      7      0.2857     0.8571     0.7894     1.0000    1.3628    
SITE802      8      0.6250     0.8750     0.8052     0.7500    1.3229    
SITE821      9      0.5556     0.5556     -0.7440    2.6667    4.2426    
SITE831      9      0.3333     0.7778     0.5244     1.4444    2.0817    
SITE844      6      0.5000     0.8333     0.7582     0.8333    1.3540    
SITE852      13     0.3846     0.7692     0.4242     1.3846    2.0000    
--------------------------------------------------------------------------------------------------------------
OVERALL      2655   0.4527     0.7766     0.3759     1.3898    2.2437    
--------------------------------------------------------------------------------------------------------------
