--------------------------------------------------------------------------------------------------------------
Site         N      Accuracy   +-2 Acc    R2         MAE(mi)    RMSE(mi)  
--------------------------------------------------------------------------------------------------------------
SITE4        7      0.1429     0.5714     -1.7562    2.4286    3.0000    
SITE5        11     0.0000     0.3636     -2.6284    3.7273    4.4823    
SITE6        13     0.1538     0.3077     -0.2525    3.2308    3.8230    
SITE7        31     0.1613     0.3871     -1.4868    3.0323    3.8855    
SITE8        14     0.0000     0.5000     -1.5327    2.8571    3.2071    
SITE10       16     0.0625     0.5625     -0.9738    3.0625    3.6827    
SITE11       6      0.1667     0.5000     -0.6846    2.8333    3.4881    
SITE12       16     0.1875     0.5000     -0.6071    2.5625    3.1524    
SITE13       29     0.2759     0.6552     -0.8561    2.0345    2.7101    
SITE14       10     0.2000     0.5000     -0.9884    2.9000    3.7014    
SITE15       19     0.0526     0.3684     -1.1094    3.3684    3.7836    
SITE17       21     0.1429     0.5714     -0.4553    2.6190    3.2587    
SITE18       20     0.2000     0.4500     -1.2444    3.1500    3.8275    
SITE19       44     0.2500     0.7273     -0.0417    1.6136    2.1585    
SITE20       10     0.2000     0.7000     -0.2500    2.3000    3.1145    
SITE21       14     0.1429     0.7857     -0.4603    2.3571    3.4538    
SITE22       60     0.3500     0.8833     -0.0418    1.1333    1.6633    
SITE24       11     0.2727     0.7273     -0.1060    2.0000    2.5937    
SITE25       24     0.2083     0.6667     -0.0420    1.7917    2.2822    
SITE26       16     0.2500     0.6250     -0.2909    2.3750    3.3541    
SITE29       17     0.1176     0.5882     -0.4986    2.6471    3.3343    
SITE30       13     0.1538     0.3846     -0.0511    2.6923    3.1009    
SITE33       22     0.1818     0.4091     -2.2593    3.5455    4.5925    
SITE35       7      0.0000     0.1429     -0.1306    3.8571    4.0532    
SITE36       10     0.2000     0.5000     -1.0740    3.8000    5.0794    
SITE40       24     0.0000     0.1667     -5.4927    4.7917    5.2002    
SITE41       31     0.1935     0.5806     -0.4238    2.0968    2.7179    
SITE42       12     0.0833     0.4167     0.1130     2.5000    2.9155    
SITE43       19     0.1579     0.3684     -2.0957    3.5263    4.2858    
SITE45       23     0.1739     0.4348     -0.6772    3.0435    3.6949    
SITE48       16     0.0625     0.1250     -5.2222    5.8750    6.4129    
SITE49       10     0.1000     0.7000     -0.3964    2.0000    2.4900    
SITE50       8      0.0000     0.3750     -0.9133    3.6250    4.3157    
SITE53       15     0.2000     0.6000     -0.9949    2.6000    3.4928    
SITE58       21     0.0952     0.4286     -1.2674    3.2857    3.8853    
SITE59       12     0.1667     0.7500     -0.1160    2.0833    2.8431    
SITE65       13     0.2308     0.5385     -0.3884    2.6923    3.4752    
SITE66       11     0.1818     0.8182     -0.0744    2.0000    2.7634    
SITE73       18     0.1667     0.6111     -0.0239    2.5556    3.2318    
SITE75       13     0.0769     0.3077     -0.9118    3.0769    3.5082    
SITE76       7      0.1429     0.4286     -1.0179    3.8571    5.0285    
SITE78       11     0.1818     0.5455     -0.3434    3.0000    3.6804    
SITE80       6      0.0000     0.5000     -0.2000    3.1667    3.4881    
SITE81       10     0.1000     0.1000     -4.2694    5.7000    6.3325    
SITE84       16     0.1250     0.4375     -2.0508    2.8750    3.3541    
SITE86       10     0.2000     0.6000     -0.0526    2.2000    2.6833    
SITE94       21     0.0952     0.3810     -0.9785    3.0000    3.5657    
SITE95       6      0.1667     0.3333     -1.9933    5.0000    6.1101    
SITE96       6      0.0000     0.5000     -0.7576    3.1667    3.8079    
SITE97       7      0.0000     0.1429     -0.1824    4.2857    4.6291    
SITE98       20     0.1000     0.6000     0.0058     2.2500    2.6173    
SITE104      12     0.0833     0.5000     -0.5685    2.2500    2.6300    
SITE106      14     0.2143     0.4286     -1.2604    3.4286    4.2088    
SITE111      15     0.1333     0.2667     -0.6938    3.2667    3.7859    
SITE115      17     0.0588     0.2941     -1.3256    3.4118    3.8957    
SITE116      14     0.0000     0.3571     -0.2736    2.8571    3.0938    
SITE117      24     0.1667     0.5833     -1.1056    2.3750    3.0345    
SITE119      12     0.2500     0.5833     -0.0309    2.3333    2.8868    
SITE125      8      0.0000     0.2500     -2.2560    4.6250    5.2559    
SITE127      16     0.0625     0.4375     -2.0875    3.3125    3.9291    
SITE128      18     0.1667     0.2778     -2.2908    3.8889    4.7022    
SITE129      15     0.0667     0.3333     -2.7374    4.6667    5.4528    
SITE132      8      0.0000     0.1250     -0.9006    3.8750    4.0156    
SITE134      9      0.1111     0.4444     -1.0593    3.2222    3.8730    
SITE156      17     0.2353     0.4118     -0.5203    2.5882    3.2176    
SITE160      10     0.3000     0.6000     -0.1756    2.1000    2.8461    
SITE161      14     0.1429     0.7143     -0.3781    2.1429    3.0000    
SITE165      7      0.1429     0.2857     -2.2730    4.1429    4.9713    
SITE167      11     0.0909     0.9091     -0.0707    1.9091    2.5761    
SITE168      10     0.2000     0.4000     -1.1332    3.7000    4.5277    
SITE169      14     0.2143     0.5000     -1.1608    2.8571    3.7033    
SITE171      14     0.0000     0.5714     -0.5767    2.6429    3.1736    
SITE178      12     0.1667     0.7500     -0.2606    1.9167    2.5658    
SITE179      27     0.1852     0.6296     -0.1343    2.0370    2.5313    
SITE186      19     0.1053     0.2105     -2.7856    4.9474    5.7674    
SITE193      15     0.3333     0.5333     -0.9733    3.0667    4.3665    
SITE194      18     0.2222     0.5000     -1.1192    2.4444    3.0000    
SITE198      14     0.3571     0.6429     -0.9221    2.1429    3.0938    
SITE203      33     0.2727     0.5758     -0.8018    2.6364    3.5887    
SITE205      24     0.1250     0.5000     -0.8705    2.7500    3.4400    
SITE207      12     0.2500     0.8333     -0.0162    1.4167    1.9791    
SITE208      13     0.0769     0.6154     -0.1185    2.6154    3.0634    
SITE209      8      0.2500     0.7500     0.1437     1.6250    2.0917    
SITE212      9      0.1111     0.4444     -0.1926    2.5556    2.8868    
SITE215      33     0.3636     0.5758     -0.8755    2.6364    3.7699    
SITE217      16     0.1250     0.7500     -0.3056    2.0625    2.9686    
SITE219      15     0.2000     0.4000     -1.0663    3.2667    4.0249    
SITE229      14     0.0714     0.5000     -0.9304    3.2857    3.9097    
SITE230      11     0.2727     0.5455     -0.5777    2.8182    4.0564    
SITE231      7      0.2857     0.7143     -0.2455    2.1429    3.3594    
SITE234      11     0.0909     0.2727     -3.4468    3.2727    3.7173    
SITE239      15     0.1333     0.6667     -0.6333    2.6667    3.6148    
SITE240      14     0.2857     0.6429     -0.4120    2.3571    3.3058    
SITE241      25     0.2800     0.6000     -0.5833    2.4400    3.4928    
SITE244      12     0.1667     0.4167     -0.5917    3.0833    3.7305    
SITE245      15     0.1333     0.4667     -0.0802    2.5333    3.0551    
SITE251      11     0.0909     0.2727     -1.7564    3.9091    4.4415    
SITE253      30     0.2000     0.6333     -0.3325    2.1667    2.8694    
SITE256      5      0.2000     0.6000     -1.4569    2.6000    3.3764    
SITE258      12     0.0833     0.5833     0.0556     2.0000    2.3805    
SITE259      9      0.2222     0.3333     -0.0705    2.8889    3.4641    
SITE261      15     0.0667     0.2000     -0.7815    3.4667    3.8644    
SITE262      20     0.2500     0.7500     -0.1475    1.8000    2.5100    
SITE268      13     0.2308     0.4615     -0.7346    2.9231    3.7826    
SITE272      13     0.1538     0.3077     -2.5840    4.6923    5.5262    
SITE276      12     0.2500     0.7500     -0.2350    1.5833    2.1016    
SITE301      5      0.8000     1.0000     nan        0.4000    0.8944    
SITE304      5      0.0000     0.4000     -2.5547    5.2000    6.0332    
SITE309      13     0.2308     0.4615     -1.0558    3.3077    4.3056    
SITE310      7      0.0000     0.4286     -0.3850    2.8571    3.2514    
SITE322      9      0.5556     0.6667     -0.5414    1.5556    2.6247    
SITE323      9      0.4444     0.5556     -0.9565    2.4444    3.4960    
SITE324      17     0.2353     0.5294     -0.8985    3.1176    4.0945    
SITE325      8      0.3750     0.5000     -1.1957    3.7500    5.0249    
SITE327      16     0.2500     0.3125     -2.2197    4.4375    5.3444    
SITE330      14     0.2857     0.5714     -0.7557    2.4286    3.3166    
SITE331      7      0.1429     0.5714     -0.6459    2.7143    3.5254    
SITE332      9      0.0000     0.1111     -9.5824    4.6667    4.8762    
SITE333      5      0.0000     0.0000     -20.4167   7.0000    7.1694    
SITE334      12     0.1667     0.5833     -0.3495    2.4167    3.0414    
SITE336      5      0.6000     0.8000     -0.5625    1.2000    2.0000    
SITE338      5      0.4000     0.8000     -1.1250    1.4000    1.8439    
SITE339      8      0.0000     0.2500     -2.8329    4.0000    4.6368    
SITE340      12     0.1667     0.5833     -0.7557    2.4167    3.1754    
SITE343      12     0.2500     0.5000     -0.6151    2.4167    3.1754    
SITE345      7      0.1429     0.4286     -0.2353    2.2857    2.6186    
SITE353      8      0.6250     0.6250     -0.5385    1.7500    2.9580    
SITE355      9      0.3333     0.4444     -0.7735    3.0000    4.0415    
SITE358      14     0.2857     0.4286     -0.3034    2.2857    2.7775    
SITE360      8      0.1250     0.3750     -0.3612    2.3750    2.6693    
SITE361      7      0.0000     0.2857     -3.4568    4.4286    5.0285    
SITE362      11     0.3636     0.6364     -0.1847    2.2727    3.5291    
SITE363      11     0.5455     0.6364     -0.5641    1.7273    2.8762    
SITE366      12     0.3333     0.3333     -1.7535    3.5833    4.5000    
SITE367      8      0.6250     0.6250     -0.4620    1.8750    3.3354    
SITE375      6      0.0000     0.1667     -1.8055    4.5000    4.7784    
SITE376      9      0.1111     0.1111     -4.7407    5.3333    5.8689    
SITE377      12     0.3333     0.5000     -1.3030    2.7500    3.7749    
SITE380      8      0.1250     0.3750     -1.2744    3.3750    4.2279    
SITE383      4      0.2500     0.5000     -2.0000    3.0000    3.6742    
SITE385      9      0.2222     0.5556     0.0000     2.0000    2.4944    
SITE386      11     0.3636     0.5455     -1.4080    2.8182    3.9196    
SITE388      7      0.1429     0.2857     -2.8738    3.4286    4.0356    
SITE389      11     0.5455     0.7273     -0.7506    1.9091    3.5802    
SITE397      14     0.2143     0.7143     0.1098     1.8571    2.5071    
SITE401      7      0.5714     0.5714     -0.6550    1.8571    2.9520    
SITE404      6      0.1667     0.3333     -1.5750    3.5000    4.1433    
SITE406      6      0.1667     0.1667     -0.2401    3.0000    3.3665    
SITE407      7      0.7143     0.8571     -0.2333    1.0000    2.2991    
SITE411      29     0.1034     0.3793     -2.4407    3.3793    3.9304    
SITE417      24     0.2500     0.6250     -0.0102    1.9167    2.4833    
SITE420      15     0.1333     0.5333     -1.4533    2.7333    3.4157    
SITE421      11     0.0909     0.2727     -3.4428    5.0909    5.8310    
SITE422      13     0.0000     0.1538     -5.5407    5.5385    6.0891    
SITE424      6      0.0000     0.1667     -2.7258    4.6667    5.0662    
SITE426      15     0.4667     0.8000     0.3127     1.3333    2.1292    
SITE430      9      0.0000     0.4444     -0.2420    3.5556    4.0277    
SITE434      12     0.0833     0.7500     0.0976     2.0000    2.4833    
SITE435      9      0.0000     0.4444     -1.6012    4.0000    4.7140    
SITE437      18     0.1111     0.6667     -0.2212    2.2222    2.8087    
SITE438      15     0.1333     0.6667     -0.6353    2.1333    2.7809    
SITE439      13     0.3077     0.5385     -0.4434    2.3846    3.4306    
SITE442      19     0.1053     0.5789     0.0917     2.1579    2.6458    
SITE443      6      0.0000     0.6667     0.0216     2.6667    3.3665    
SITE446      18     0.2222     0.5000     -0.7259    3.0556    3.9229    
SITE447      5      0.0000     0.4000     -0.3785    3.0000    3.4351    
SITE454      7      0.5714     0.5714     -0.6667    2.0000    3.1623    
SITE455      9      0.1111     0.5556     -0.7267    3.2222    4.2817    
SITE460      4      0.2500     0.5000     -1.3684    3.5000    4.7434    
SITE461      5      0.0000     0.4000     -1.1429    3.6000    4.3818    
SITE463      6      0.1667     0.3333     -0.8505    3.5000    4.0620    
SITE464      8      0.2500     0.2500     -0.8993    3.6250    4.5415    
SITE468      6      0.1667     0.5000     -1.7857    3.3333    4.1633    
SITE469      4      0.5000     1.0000     0.2727     0.5000    0.7071    
SITE471      17     0.0588     0.2941     -1.3996    4.1176    4.7154    
SITE474      6      0.0000     0.5000     -1.9600    3.5000    4.3012    
SITE477      14     0.1429     0.7143     -0.0051    2.2857    2.8284    
SITE483      9      0.2222     0.3333     -1.9054    4.1111    4.8876    
SITE485      10     0.4000     0.8000     -0.8089    2.6000    4.2190    
SITE486      6      0.1667     0.1667     -6.8909    5.1667    6.0139    
SITE490      13     0.3077     0.4615     -1.3065    2.7692    3.6795    
SITE492      6      0.0000     0.0000     -9.6517    5.0000    5.1316    
SITE506      10     0.3000     0.4000     -0.2054    2.1000    2.6646    
SITE508      27     0.2593     0.4444     -1.3956    3.4444    4.4845    
SITE510      6      0.5000     0.5000     -0.9056    2.3333    3.5119    
SITE520      16     0.3125     0.3750     -1.4205    3.1875    4.1608    
SITE521      17     0.2353     0.5294     -0.0417    2.5882    3.4300    
SITE522      18     0.3889     0.4444     -1.1479    3.1111    4.2557    
SITE528      11     0.4545     0.5455     -0.9085    2.1818    3.1623    
SITE538      7      0.2857     0.5714     -0.8003    3.5714    4.7958    
SITE539      7      0.0000     0.0000     -1.6250    4.2857    4.7208    
SITE540      6      0.1667     0.5000     -1.5449    3.8333    5.0166    
SITE541      9      0.1111     0.2222     -0.4446    3.6667    4.2817    
SITE542      8      0.1250     0.2500     -1.0111    3.8750    4.7566    
SITE545      9      0.1111     0.4444     -0.1667    2.7778    3.1798    
SITE547      7      0.4286     0.4286     -1.0417    4.2857    6.0000    
SITE556      6      0.1667     0.3333     -1.5146    4.3333    5.1316    
SITE557      19     0.1579     0.6842     -0.0025    2.1579    2.7815    
SITE561      15     0.2667     0.3333     -1.5049    3.7333    4.7469    
SITE563      10     0.2000     0.3000     -1.6013    3.7000    4.4609    
SITE564      9      0.1111     0.4444     -0.6383    3.3333    4.1366    
SITE568      7      0.2857     0.4286     -0.0753    2.1429    2.6992    
SITE569      11     0.1818     0.6364     -0.4334    2.3636    2.8920    
SITE572      8      0.0000     0.6250     -0.6278    2.8750    3.8243    
SITE574      9      0.2222     0.6667     -0.3325    2.6667    3.5590    
SITE575      15     0.2667     0.4000     -2.0218    3.5333    4.5092    
SITE577      9      0.1111     0.2222     -0.0978    3.0000    3.3500    
SITE578      7      0.2857     0.7143     -1.1212    1.7143    2.3905    
SITE580      6      0.3333     0.6667     0.2200     1.8333    2.5495    
SITE581      10     0.2000     0.4000     -0.8717    2.7000    3.2404    
SITE584      8      0.1250     0.3750     -2.9922    4.6250    5.6458    
SITE587      8      0.3750     0.3750     -1.8137    4.0000    5.4314    
SITE593      11     0.0000     0.2727     -0.8733    3.0000    3.3710    
SITE595      18     0.1111     0.3889     -0.1063    2.4444    2.8674    
SITE597      8      0.2500     0.8750     0.2893     1.6250    2.2079    
SITE598      7      0.2857     0.5714     -1.0417    2.1429    3.0000    
SITE601      8      0.0000     0.2500     -0.9517    4.5000    5.0249    
SITE602      12     0.3333     0.7500     -0.2253    2.0833    3.3040    
SITE606      15     0.2000     0.2667     -2.5822    5.0000    6.0828    
SITE607      12     0.2500     0.2500     -2.5073    4.6667    5.6421    
SITE610      10     0.2000     0.7000     -0.3138    2.5000    3.4785    
SITE612      14     0.0000     0.3571     -1.8194    4.0000    4.5513    
SITE616      13     0.1538     0.5385     -1.7359    3.6923    4.9147    
SITE617      10     0.2000     0.6000     -0.1064    2.4000    3.2249    
SITE620      17     0.0000     0.1765     -1.1182    3.9412    4.2909    
SITE622      13     0.1538     0.4615     -0.6470    2.7692    3.3968    
SITE623      8      0.2500     0.8750     -0.6667    1.2500    1.5811    
SITE624      9      0.2222     0.7778     0.0919     1.6667    2.2361    
SITE626      10     0.3000     0.5000     -0.7866    3.3000    4.5935    
SITE629      13     0.0000     0.3846     -1.7000    4.0769    4.7798    
SITE639      11     0.0909     0.6364     -0.0168    2.3636    2.8284    
SITE648      7      0.0000     0.2857     0.0789     3.1429    3.3806    
SITE658      16     0.1250     0.2500     -2.1270    4.2500    4.9624    
SITE683      7      0.0000     0.4286     -5.5545    3.2857    3.8359    
SITE684      14     0.1429     0.5714     0.0696     2.2143    2.7386    
SITE692      15     0.2000     0.7333     -0.2195    2.1333    2.8284    
SITE719      16     0.2500     0.5625     -0.8853    2.7500    3.7749    
SITE721      12     0.0000     0.3333     -1.1176    3.8333    4.3589    
SITE722      14     0.2143     0.7143     -0.0640    1.7143    2.3299    
SITE725      9      0.1111     0.4444     -0.8514    3.2222    3.9016    
SITE734      13     0.2308     0.6923     -0.3224    2.1538    3.0128    
SITE735      17     0.1765     0.4118     -0.3121    2.7059    3.2899    
SITE739      10     0.1000     0.3000     -1.0786    3.4000    4.0497    
SITE747      30     0.1000     0.6333     -0.2637    2.3000    2.8461    
SITE760      33     0.8788     0.9091     -0.0358    0.4545    1.4668    
SITE786      10     0.1000     0.4000     -0.7021    3.6000    4.2895    
SITE801      8      0.3750     0.8750     0.7630     1.0000    1.4142    
SITE802      9      0.3333     0.6667     -0.8138    2.5556    3.8152    
SITE807      7      0.1429     0.5714     -3.8125    3.5714    4.5198    
SITE808      7      0.1429     0.2857     -0.8194    3.4286    4.1057    
SITE821      10     0.0000     0.5000     -0.7330    3.5000    4.0125    
SITE831      11     0.1818     0.5455     -0.0040    2.3636    2.8920    
SITE844      7      0.4286     0.7143     -1.0125    2.0000    3.6253    
SITE852      14     0.0714     0.5714     -0.7445    2.8571    3.3806    
SITE871      7      0.1429     0.2857     -2.0092    4.7143    5.7694    
--------------------------------------------------------------------------------------------------------------
OVERALL      3232   0.1937     0.5087     -0.6942    2.8543    3.7182    
--------------------------------------------------------------------------------------------------------------
