--------------------------------------------------------------------------------------------------------------
Site         N      Accuracy   +-2 Acc    R2         MAE(mi)    RMSE(mi)  
--------------------------------------------------------------------------------------------------------------
SITE4        5      0.2000     1.0000     0.2778     1.4000    1.6125    
SITE5        11     0.4545     0.8182     0.2776     1.2727    2.0000    
SITE6        12     0.5000     0.8333     0.5881     1.1667    2.0817    
SITE7        29     0.3793     0.7931     -0.2257    1.7241    2.7038    
SITE8        11     0.3636     0.9091     -0.1000    1.1818    1.6787    
SITE10       14     0.2143     0.6429     0.0660     2.0000    2.5355    
SITE11       6      0.3333     0.5000     -0.6615    2.6667    3.4641    
SITE12       15     0.6667     0.8000     0.4388     1.0000    1.9149    
SITE13       26     0.2692     0.6923     -0.4391    1.8077    2.3939    
SITE14       9      0.1111     0.5556     -0.6403    2.7778    3.5434    
SITE15       16     0.3750     0.6250     -0.1366    1.9375    2.7042    
SITE17       16     0.5625     0.7500     0.2243     1.3125    2.2776    
SITE18       18     0.5000     0.8333     0.6883     0.9444    1.4720    
SITE19       34     0.2059     0.8529     0.0361     1.4706    1.8787    
SITE20       10     0.3000     0.7000     -0.4948    2.2000    3.4059    
SITE21       13     0.6154     0.6923     0.3510     1.3077    2.2702    
SITE22       52     0.4808     0.9423     0.3669     0.8654    1.3516    
SITE24       9      0.3333     0.6667     0.1552     1.7778    2.4037    
SITE25       23     0.2609     0.7826     0.2697     1.4348    1.8997    
SITE26       13     0.3077     0.8462     0.6338     1.3846    1.7541    
SITE29       16     0.3750     0.5625     0.0924     1.8750    2.5981    
SITE30       12     0.4167     0.5833     0.1868     1.6667    2.4833    
SITE33       16     0.4375     0.7500     -0.0056    1.5625    2.5125    
SITE35       6      0.6667     0.6667     -0.0990    2.0000    3.5119    
SITE36       8      0.6250     0.7500     0.2830     1.7500    3.0822    
SITE40       20     0.1500     0.7000     -0.4784    1.9500    2.4799    
SITE41       28     0.3929     0.7143     0.3559     1.2857    1.8898    
SITE42       9      0.4444     0.6667     -0.1922    2.2222    3.3665    
SITE43       15     0.1333     0.5333     -1.1571    2.8667    3.6056    
SITE45       19     0.2632     0.5789     0.2299     2.0000    2.5340    
SITE48       15     0.5333     0.8667     0.3103     1.2000    2.1909    
SITE49       10     0.2000     0.7000     -0.0811    1.8000    2.1909    
SITE50       6      0.6667     1.0000     0.9194     0.5000    0.9129    
SITE53       13     0.3077     0.6923     0.0867     1.7692    2.4337    
SITE58       20     0.2000     0.6500     -0.1175    2.0500    2.6926    
SITE59       9      0.2222     0.7778     0.2683     1.7778    2.5820    
SITE65       12     0.3333     0.7500     0.0460     2.0000    2.9155    
SITE66       11     0.1818     0.3636     -2.9012    4.2727    5.2657    
SITE73       16     0.5000     0.7500     0.1961     1.6875    2.8831    
SITE75       11     0.3636     0.5455     0.1847     1.9091    2.4680    
SITE76       7      0.4286     0.5714     -0.9039    3.2857    4.8844    
SITE78       10     0.4000     0.7000     0.1706     1.8000    2.9665    
SITE80       6      0.5000     0.6667     0.6384     1.3333    1.9149    
SITE81       9      0.4444     0.7778     0.4072     1.5556    2.2111    
SITE84       14     0.3571     0.8571     0.0546     1.3571    1.8323    
SITE86       10     0.3000     0.7000     -0.1842    1.9000    2.8461    
SITE94       17     0.2941     0.5882     -0.3819    2.1765    3.0583    
SITE97       6      0.8333     0.8333     0.5413     1.1667    2.8577    
SITE98       19     0.3158     0.7368     -0.0015    1.8947    2.6950    
SITE104      11     0.3636     0.8182     0.0762     1.3636    1.9771    
SITE106      12     0.1667     0.5833     -0.2264    2.4167    3.1754    
SITE111      11     0.5455     0.6364     0.4033     1.4545    2.3355    
SITE115      16     0.2500     0.8750     0.5763     1.3125    1.7139    
SITE116      13     0.4615     0.8462     0.5488     1.0769    1.7974    
SITE117      21     0.4286     0.7143     -0.2925    1.5714    2.4785    
SITE119      10     0.3000     0.9000     0.5769     1.4000    1.7321    
SITE127      12     0.1667     0.5833     -0.1443    2.0000    2.4833    
SITE128      14     0.3571     0.7143     0.4312     1.4286    1.9640    
SITE129      14     0.2857     0.5714     -0.4770    2.5000    3.4330    
SITE132      8      0.5000     0.8750     0.3812     1.2500    2.2913    
SITE134      8      0.3750     0.3750     -0.6947    2.8750    3.7249    
SITE156      12     0.5000     0.7500     0.0330     1.5000    2.3452    
SITE160      9      0.6667     0.8889     0.7842     0.6667    1.2472    
SITE161      12     0.5000     0.7500     0.4362     1.2500    2.0207    
SITE165      7      0.5714     0.8571     0.6027     1.0000    1.7321    
SITE167      10     0.5000     0.7000     -0.3803    1.8000    3.0659    
SITE168      9      0.5556     0.8889     0.7309     1.0000    1.6667    
SITE169      13     0.4615     0.5385     -0.6220    2.2308    3.2225    
SITE171      10     0.3000     0.6000     -0.1313    2.1000    2.9496    
SITE178      9      0.2222     0.6667     -0.3071    2.2222    2.7889    
SITE179      21     0.3333     0.7619     0.3164     1.4286    2.0237    
SITE186      17     0.3529     0.4706     -0.4294    2.5882    3.4810    
SITE193      12     0.5000     0.7500     0.0941     1.5833    2.7234    
SITE194      15     0.2667     0.8000     -0.2809    1.7333    2.2509    
SITE198      14     0.5714     1.0000     0.8279     0.5714    0.9258    
SITE203      28     0.2857     0.7500     0.2775     1.6786    2.3223    
SITE205      20     0.4000     0.5500     -1.0347    2.5000    3.6332    
SITE207      11     0.2727     0.8182     0.0578     1.3636    1.9771    
SITE208      12     0.4167     0.5833     0.1153     1.8333    2.7988    
SITE209      6      0.5000     0.8333     0.4783     1.0000    1.5275    
SITE212      8      0.7500     0.8750     0.5323     0.8750    1.9039    
SITE215      30     0.5000     0.8000     0.3259     1.3667    2.3022    
SITE217      14     0.2857     0.5714     -0.3634    2.2857    3.1396    
SITE219      13     0.2308     0.4615     -1.2406    2.9231    3.8431    
SITE229      10     0.1000     0.6000     0.0017     2.0000    2.4495    
SITE230      8      0.3750     0.5000     -0.7227    3.2500    4.4721    
SITE231      7      0.0000     0.5714     -0.4662    3.0000    3.6450    
SITE234      8      0.2500     0.8750     -0.1886    1.5000    1.8028    
SITE239      15     0.3333     0.7333     -0.6083    2.3333    3.5870    
SITE240      12     0.2500     0.6667     0.1898     1.9167    2.6615    
SITE241      23     0.3913     0.6522     0.0337     1.8696    2.8053    
SITE244      9      0.5556     0.6667     0.0311     1.7778    3.1623    
SITE245      14     0.2857     0.5000     -0.6210    2.8571    3.6839    
SITE251      9      0.4444     0.6667     -0.6348    2.1111    3.2146    
SITE253      25     0.4000     0.7600     0.0200     1.6400    2.5219    
SITE256      5      0.6000     0.8000     0.2672     1.0000    1.8439    
SITE258      10     0.3000     0.8000     -0.2209    1.7000    2.5100    
SITE259      6      0.6667     0.8333     0.8088     0.8333    1.4720    
SITE261      13     0.4615     0.6154     0.1499     1.8462    2.7175    
SITE262      18     0.5556     0.7778     0.4793     1.0556    1.7159    
SITE268      12     0.4167     0.7500     0.3915     1.4167    2.1794    
SITE272      12     0.3333     0.7500     -0.2826    2.1667    3.3166    
SITE276      10     0.6000     0.9000     0.2548     0.9000    1.7607    
SITE301      5      1.0000     1.0000     1.0000     0.0000    0.0000    
SITE309      12     0.5000     0.6667     0.5299     1.4167    2.1409    
SITE310      5      0.6000     0.8000     0.2647     1.2000    2.0000    
SITE322      8      0.5000     0.6250     -0.7333    1.8750    2.8504    
SITE323      8      0.6250     0.7500     0.1786     1.2500    2.3979    
SITE324      14     0.4286     0.5714     -0.6700    2.5000    3.7891    
SITE325      6      0.3333     0.6667     -0.8818    3.3333    4.7958    
SITE327      14     0.5000     0.7857     0.1781     1.4286    2.5355    
SITE330      11     0.5455     0.8182     0.0128     1.4545    2.5226    
SITE331      6      0.6667     0.8333     0.7692     0.6667    1.2910    
SITE332      8      0.3750     0.6250     -1.1818    1.6250    2.2079    
SITE333      4      0.5000     0.7500     -0.8605    1.5000    2.2361    
SITE334      9      0.5556     0.8889     0.6889     0.7778    1.2910    
SITE336      4      0.5000     1.0000     0.2727     1.0000    1.4142    
SITE339      8      0.1250     0.5000     -0.0028    2.1250    2.3717    
SITE340      9      0.3333     0.5556     -0.4585    2.2222    3.0185    
SITE343      9      0.5556     0.5556     -0.3404    1.7778    2.7889    
SITE345      7      0.4286     0.5714     -0.8272    2.1429    3.1848    
SITE353      7      0.7143     0.8571     0.7619     0.5714    1.1952    
SITE355      8      0.5000     0.6250     -0.0787    2.0000    3.2404    
SITE358      11     0.4545     0.8182     0.3475     1.0909    1.5954    
SITE360      7      0.4286     0.8571     0.5110     1.0000    1.6475    
SITE362      11     0.2727     0.5455     -0.5307    2.8182    4.0113    
SITE363      9      0.6667     0.7778     -0.1800    1.2222    2.5604    
SITE366      9      0.5556     0.7778     0.5248     1.1111    1.9437    
SITE367      7      0.5714     0.5714     0.2789     1.5714    2.4202    
SITE375      5      0.8000     0.8000     0.2500     1.2000    2.6833    
SITE376      8      0.2500     0.5000     -0.3913    2.2500    2.8284    
SITE377      10     0.5000     0.8000     0.5491     1.0000    1.6733    
SITE380      6      0.6667     0.8333     0.4369     1.1667    2.1985    
SITE385      8      0.8750     0.8750     0.3571     0.7500    2.1213    
SITE386      10     0.6000     0.8000     0.3953     1.1000    1.9748    
SITE389      10     0.7000     0.8000     0.4072     1.0000    2.1448    
SITE397      12     0.5000     0.8333     0.6585     0.9167    1.5546    
SITE401      5      0.8000     0.8000     -0.2500    1.2000    2.6833    
SITE407      5      0.8000     0.8000     -0.2500    1.2000    2.6833    
SITE411      26     0.3077     0.6923     -0.4243    1.8846    2.5495    
SITE417      21     0.4286     0.7619     0.3356     1.3810    2.0354    
SITE420      11     0.2727     0.6364     -0.6540    2.0909    2.7469    
SITE421      8      0.3750     0.6250     -1.0294    2.1250    2.9368    
SITE422      9      0.3333     0.7778     0.1711     1.4444    1.9720    
SITE424      5      0.8000     0.8000     -0.2895    1.4000    3.1305    
SITE426      13     0.5385     0.7692     0.2200     1.3077    2.2014    
SITE430      7      0.5714     0.8571     0.6254     1.1429    2.3299    
SITE434      9      0.3333     0.4444     0.2059     2.0000    2.5820    
SITE435      9      0.4444     0.5556     -0.3006    2.2222    3.3333    
SITE437      15     0.4000     0.5333     -0.4212    2.2000    3.0221    
SITE438      14     0.1429     0.6429     -0.7480    2.2857    2.8031    
SITE439      12     0.5000     0.8333     0.6053     1.0833    1.7078    
SITE442      16     0.3125     0.8750     0.5357     1.4375    2.0156    
SITE446      18     0.4444     0.5556     -1.3489    3.0556    4.5765    
SITE454      6      0.5000     0.5000     -0.8750    2.3333    3.4157    
SITE455      7      0.1429     0.2857     -0.7314    3.0000    3.6450    
SITE463      5      0.6000     0.8000     0.2526     1.4000    2.4083    
SITE464      6      0.6667     0.8333     0.4032     1.1667    2.4833    
SITE468      5      0.6000     0.6000     -2.1818    2.8000    4.4272    
SITE471      15     0.6000     0.6667     0.0455     1.6667    2.9777    
SITE474      6      0.3333     0.6667     -0.7867    2.1667    3.3417    
SITE477      9      0.4444     0.6667     -0.5537    2.2222    3.4319    
SITE483      8      0.6250     0.8750     0.7622     0.7500    1.3229    
SITE485      9      0.5556     0.8889     0.5724     1.1111    2.1602    
SITE486      5      0.6000     1.0000     0.9194     0.4000    0.6325    
SITE490      11     0.4545     0.7273     0.3125     1.2727    1.9069    
SITE492      5      0.6000     0.8000     0.2857     0.8000    1.4142    
SITE506      8      0.5000     0.5000     0.0524     1.7500    2.5495    
SITE508      24     0.4167     0.6250     0.0560     2.0000    2.8577    
SITE520      15     0.4667     0.8667     0.4988     1.1333    1.9494    
SITE521      15     0.4000     0.8000     0.7111     1.2667    1.8074    
SITE522      15     0.6000     0.6667     -0.2483    1.7333    2.8983    
SITE528      9      0.5556     0.7778     -0.4231    1.5556    2.8674    
SITE538      7      0.2857     0.4286     -0.9457    4.0000    4.9857    
SITE539      5      0.2000     0.6000     -0.2168    2.6000    3.3166    
SITE541      8      0.5000     0.6250     0.3067     1.8750    2.8062    
SITE542      7      0.7143     1.0000     0.9252     0.4286    0.8452    
SITE545      8      0.6250     0.8750     -0.2670    1.5000    3.2787    
SITE557      16     0.1875     0.6875     0.1552     2.0000    2.4749    
SITE561      14     0.2143     0.6429     -0.0400    2.1429    3.0706    
SITE563      9      0.4444     0.8889     0.7297     0.8889    1.4907    
SITE564      7      0.4286     0.5714     0.4453     1.7143    2.4495    
SITE569      11     0.4545     0.7273     0.0807     1.5455    2.3160    
SITE572      7      0.7143     0.7143     0.3000     1.0000    1.8898    
SITE574      6      0.3333     0.8333     0.5985     1.3333    1.7321    
SITE575      14     0.2857     0.5714     -0.4982    2.2857    2.9520    
SITE577      6      0.3333     0.5000     -1.4478    2.6667    3.6968    
SITE578      7      0.8571     1.0000     0.9470     0.1429    0.3780    
SITE581      9      0.5556     0.6667     0.3545     1.2222    1.9720    
SITE584      7      0.4286     0.8571     0.1393     1.0000    1.4639    
SITE587      8      0.7500     0.8750     0.3681     1.1250    2.5739    
SITE593      10     0.4000     0.8000     -0.6443    2.0000    3.1305    
SITE595      16     0.3750     0.5625     0.0320     1.8750    2.5495    
SITE597      7      0.8571     1.0000     0.9771     0.1429    0.3780    
SITE598      7      0.1429     0.7143     -0.0370    1.7143    2.1381    
SITE601      8      0.6250     0.7500     0.5556     1.2500    2.3979    
SITE602      10     0.3000     0.7000     -1.0139    2.5000    3.8079    
SITE606      13     0.5385     0.7692     -0.0154    1.7692    3.2463    
SITE607      9      0.4444     0.5556     0.3940     1.6667    2.2852    
SITE610      8      0.3750     0.6250     -0.6286    2.3750    3.3727    
SITE612      13     0.3846     0.4615     -0.4688    2.3077    3.2106    
SITE616      11     0.3636     0.9091     0.7177     1.1818    1.5667    
SITE617      10     0.7000     0.8000     0.6915     0.9000    1.7029    
SITE620      15     0.6000     0.9333     0.7913     0.8667    1.3904    
SITE622      10     0.4000     0.7000     -0.7138    1.9000    3.3015    
SITE623      8      0.5000     1.0000     0.6667     0.5000    0.7071    
SITE624      7      0.2857     0.7143     -0.0818    1.7143    2.2039    
SITE626      7      0.8571     1.0000     0.9832     0.1429    0.3780    
SITE629      10     0.5000     0.6000     0.3725     1.5000    2.1679    
SITE639      10     0.4000     0.8000     0.3532     1.4000    2.2804    
SITE658      12     0.3333     0.8333     0.4984     1.5000    2.0817    
SITE683      7      0.7143     1.0000     0.4909     0.5714    1.0690    
SITE684      13     0.3077     0.6923     -0.1723    2.2308    3.0760    
SITE692      13     0.2308     0.6154     -0.4549    2.3077    3.0884    
SITE719      14     0.5000     0.8571     0.4336     1.1429    1.8127    
SITE721      10     0.2000     0.7000     0.0938     2.4000    2.9326    
SITE722      13     0.3846     0.8462     0.3121     1.3077    1.9415    
SITE725      7      0.1429     0.4286     -1.1587    3.0000    3.8359    
SITE734      10     0.4000     0.8000     0.1985     1.4000    2.0976    
SITE735      13     0.3077     0.5385     0.1758     2.0000    2.6018    
SITE739      10     0.6000     0.8000     0.5057     1.1000    1.9748    
SITE747      27     0.2222     0.5556     -0.1666    2.1481    2.7756    
SITE760      29     0.8621     0.8966     -0.0410    0.5172    1.5647    
SITE786      9      0.5556     0.7778     0.1574     1.6667    3.1798    
SITE801      7      0.5714     1.0000     0.9028     0.5714    0.9258    
SITE802      8      0.5000     0.7500     0.3043     1.5000    2.5000    
SITE821      9      0.3333     0.3333     -1.4653    3.8889    5.0442    
SITE831      9      0.5556     0.8889     0.8171     0.7778    1.2910    
SITE844      6      0.5000     0.8333     0.7582     0.8333    1.3540    
SITE852      13     0.5385     0.7692     0.4796     1.1538    1.9014    
--------------------------------------------------------------------------------------------------------------
OVERALL      2655   0.4203     0.7232     0.1716     1.6584    2.5850    
--------------------------------------------------------------------------------------------------------------
