--------------------------------------------------------------------------------------------------------------
Site         N      Accuracy   +-2 Acc    R2         MAE(mi)    RMSE(mi)  
--------------------------------------------------------------------------------------------------------------
SITE4        7      0.2857     0.5714     -1.4062    2.1429    2.8031    
SITE5        11     0.1818     0.5455     -0.6582    2.4545    3.0302    
SITE6        13     0.2308     0.5385     -0.8524    3.4615    4.6492    
SITE7        31     0.2581     0.6452     -0.0043    1.9032    2.4692    
SITE8        14     0.2143     0.6429     -0.7236    2.0000    2.6458    
SITE10       16     0.1875     0.5625     -0.0279    2.1875    2.6575    
SITE11       6      0.3333     0.6667     -0.3846    2.3333    3.1623    
SITE12       16     0.2500     0.6875     0.0398     1.8125    2.4367    
SITE13       29     0.2759     0.7931     -0.1590    1.6207    2.1415    
SITE14       10     0.2000     0.6000     -0.6401    2.5000    3.3615    
SITE15       19     0.1579     0.6316     -0.1633    2.3158    2.8098    
SITE17       21     0.1905     0.3333     -1.9888    3.8095    4.6701    
SITE18       20     0.3000     0.5500     -0.7082    2.4500    3.3392    
SITE19       44     0.2500     0.7500     -0.0163    1.5909    2.1320    
SITE20       10     0.2000     0.5000     -0.0825    2.4000    2.8983    
SITE21       14     0.2143     0.6429     -0.6002    2.5000    3.6154    
SITE22       60     0.4000     0.8667     -0.1485    1.1167    1.7464    
SITE24       11     0.2727     0.6364     -0.1359    2.0000    2.6285    
SITE25       24     0.2083     0.6667     -0.0420    1.7917    2.2822    
SITE26       16     0.2500     0.6250     -0.6136    2.6875    3.7500    
SITE29       17     0.1765     0.4706     -0.0229    2.2941    2.7547    
SITE30       13     0.1538     0.4615     -0.0931    2.6154    3.1623    
SITE33       22     0.1818     0.5909     -0.0115    2.0909    2.5584    
SITE35       7      0.4286     0.5714     -0.8778    3.5714    5.2236    
SITE36       10     0.3000     0.5000     -1.0418    3.6000    5.0398    
SITE40       24     0.2083     0.7500     -0.0104    1.7083    2.0514    
SITE41       31     0.1935     0.6452     -0.0072    1.8710    2.2860    
SITE42       12     0.3333     0.4167     -1.2783    3.5000    4.6726    
SITE43       19     0.1579     0.4737     -1.4748    3.0000    3.8320    
SITE45       23     0.2174     0.4783     -0.4849    2.7826    3.4766    
SITE48       16     0.1875     0.5625     -0.1158    2.2500    2.7157    
SITE49       10     0.2000     0.7000     -0.0811    1.8000    2.1909    
SITE50       8      0.2500     0.2500     -0.1942    2.8750    3.4095    
SITE53       15     0.2000     0.6667     -0.0356    1.9333    2.5166    
SITE58       21     0.1905     0.5714     -0.6594    2.4762    3.3238    
SITE59       12     0.1667     0.2500     -1.3126    3.5833    4.0927    
SITE65       13     0.2308     0.4615     -0.7864    3.0769    3.9419    
SITE66       11     0.1818     0.5455     -0.0105    2.0909    2.6799    
SITE73       18     0.1667     0.4444     -1.0533    3.7222    4.5765    
SITE75       13     0.2308     0.6154     -0.1112    2.0769    2.6747    
SITE76       7      0.2857     0.4286     -1.6678    4.5714    5.7817    
SITE78       11     0.2727     0.4545     -0.9475    3.2727    4.4313    
SITE80       6      0.5000     0.5000     -0.7918    2.8333    4.2622    
SITE81       10     0.4000     0.7000     -0.2221    2.1000    3.0496    
SITE84       16     0.1875     0.6875     -0.1525    1.7500    2.0616    
SITE86       10     0.2000     0.7000     -0.0526    2.0000    2.6833    
SITE94       21     0.3810     0.5714     -0.8821    2.3810    3.4778    
SITE95       6      0.3333     0.3333     -1.1782    3.8333    5.2122    
SITE96       6      0.1667     0.5000     -0.0303    2.5000    2.9155    
SITE97       7      0.4286     0.4286     -1.3018    4.8571    6.4587    
SITE98       20     0.1500     0.4500     -1.2206    3.1000    3.9115    
SITE104      12     0.2500     0.6667     -0.4551    1.9167    2.5331    
SITE106      14     0.2143     0.4286     -1.2604    3.4286    4.2088    
SITE111      15     0.2000     0.4667     -0.1029    2.4000    3.0551    
SITE115      17     0.1765     0.4706     -1.4337    3.0588    3.9853    
SITE116      14     0.2143     0.5714     -0.7393    2.6429    3.6154    
SITE117      24     0.2083     0.6667     -0.8769    2.1250    2.8650    
SITE119      12     0.2500     0.5833     -0.0309    2.3333    2.8868    
SITE125      8      0.2500     0.6250     -0.3112    2.3750    3.3354    
SITE127      16     0.1875     0.7500     0.0000     1.7500    2.2361    
SITE128      18     0.1667     0.5000     -0.6288    2.6111    3.3082    
SITE129      15     0.2000     0.4000     -1.3966    3.4667    4.3665    
SITE132      8      0.2500     0.7500     -0.3112    2.1250    3.3354    
SITE134      9      0.3333     0.3333     -1.4254    3.2222    4.2032    
SITE156      17     0.2353     0.4118     -0.5203    2.5882    3.2176    
SITE160      10     0.3000     0.6000     -0.5239    2.3000    3.2404    
SITE161      14     0.2857     0.5714     -0.3125    2.1429    2.9277    
SITE165      7      0.2857     0.5714     -0.0973    2.2857    2.8785    
SITE167      11     0.2727     0.6364     -0.8333    2.2727    3.3710    
SITE168      10     0.2000     0.4000     -1.1332    3.7000    4.5277    
SITE169      14     0.2857     0.4286     -0.8232    2.7143    3.4017    
SITE171      14     0.2857     0.5714     -1.0351    2.5714    3.6056    
SITE178      12     0.2500     0.6667     -0.0213    1.8333    2.3094    
SITE179      27     0.1852     0.6296     -0.0294    1.9630    2.4114    
SITE186      19     0.2105     0.4737     -0.4316    2.7895    3.5467    
SITE193      15     0.3333     0.5333     -0.9733    3.0667    4.3665    
SITE194      18     0.2222     0.8333     -0.0727    1.6667    2.1344    
SITE198      14     0.3571     0.6429     -0.9221    2.1429    3.0938    
SITE203      33     0.3030     0.7576     -0.0005    1.7576    2.6742    
SITE205      24     0.1667     0.5417     -0.3963    2.4167    2.9721    
SITE207      12     0.2500     0.8333     -0.4054    1.5833    2.3274    
SITE208      13     0.1538     0.3846     -1.3653    3.6923    4.4549    
SITE209      8      0.2500     0.7500     -0.2477    1.8750    2.5249    
SITE212      9      0.2222     0.2222     -2.4187    4.1111    4.8876    
SITE215      33     0.3636     0.5758     -0.8755    2.6364    3.7699    
SITE217      16     0.3125     0.5625     -0.9259    2.5000    3.6056    
SITE219      15     0.2000     0.4667     -0.0204    2.4000    2.8284    
SITE229      14     0.2143     0.4286     -0.0644    2.4286    2.9032    
SITE230      11     0.2727     0.5455     -0.5777    2.8182    4.0564    
SITE231      7      0.1429     0.2857     -3.0833    5.2857    6.0828    
SITE234      11     0.2727     0.7273     -0.0239    1.3636    1.7838    
SITE239      15     0.1333     0.4667     0.0000     2.4000    2.8284    
SITE240      14     0.2143     0.4286     -1.2518    3.1429    4.1748    
SITE241      25     0.2800     0.6000     -0.5833    2.4400    3.4928    
SITE244      12     0.1667     0.4167     -1.3352    3.5833    4.5185    
SITE245      15     0.2667     0.4667     -1.4923    3.5333    4.6404    
SITE251      11     0.1818     0.5455     -0.0416    2.1818    2.7303    
SITE253      30     0.2000     0.5667     -0.9583    2.6333    3.4785    
SITE256      5      0.2000     0.6000     -0.4224    2.2000    2.5690    
SITE258      12     0.2500     0.5833     -0.6667    2.3333    3.1623    
SITE259      9      0.3333     0.3333     -1.3491    3.8889    5.1316    
SITE261      15     0.2667     0.5333     -0.9804    3.0000    4.0743    
SITE262      20     0.2500     0.7500     -0.1475    1.8000    2.5100    
SITE268      13     0.2308     0.4615     -0.7346    2.9231    3.7826    
SITE272      13     0.1538     0.3077     -2.1778    4.3077    5.2035    
SITE276      12     0.2500     0.7500     -0.0019    1.4167    1.8930    
SITE301      5      1.0000     1.0000     1.0000     0.0000    0.0000    
SITE304      5      0.6000     0.6000     -0.6602    2.6000    4.1231    
SITE309      13     0.3077     0.3846     -1.3287    3.4615    4.5826    
SITE310      7      0.2857     0.4286     -1.4144    3.2857    4.2929    
SITE322      9      0.5556     0.6667     -0.5414    1.5556    2.6247    
SITE323      9      0.4444     0.5556     -0.9565    2.4444    3.4960    
SITE324      17     0.2941     0.4118     -1.4581    3.5882    4.6590    
SITE325      8      0.3750     0.6250     -0.5435    3.0000    4.2131    
SITE327      16     0.2500     0.3125     -2.0084    4.1875    5.1660    
SITE330      14     0.2857     0.5000     -1.3029    2.8571    3.7985    
SITE331      7      0.4286     0.4286     -1.0811    2.8571    3.9641    
SITE332      9      0.4444     0.6667     -0.9286    1.4444    2.0817    
SITE333      5      0.6000     0.8000     -0.4167    1.0000    1.8439    
SITE334      12     0.3333     0.3333     -1.5410    3.2500    4.1733    
SITE336      5      0.6000     0.8000     -0.5625    1.2000    2.0000    
SITE338      5      0.6000     0.8000     -0.6250    1.0000    1.6125    
SITE339      8      0.2500     0.3750     -1.7409    3.1250    3.9211    
SITE340      12     0.3333     0.5000     -1.1620    2.5833    3.5237    
SITE343      12     0.3333     0.3333     -1.5228    3.0833    3.9686    
SITE345      7      0.4286     0.5714     -0.8272    2.1429    3.1848    
SITE353      8      0.6250     0.6250     -0.5385    1.7500    2.9580    
SITE355      9      0.5556     0.6667     -0.4839    2.1111    3.6968    
SITE358      14     0.3571     0.5714     -0.8828    2.2857    3.3381    
SITE360      8      0.5000     0.7500     -0.5045    1.6250    2.8062    
SITE361      7      0.4286     0.4286     -1.1655    2.5714    3.5051    
SITE362      11     0.3636     0.5455     -0.9631    3.1818    4.5427    
SITE363      11     0.5455     0.6364     -0.5641    1.7273    2.8762    
SITE366      12     0.3333     0.4167     -1.4363    3.2500    4.2328    
SITE367      8      0.6250     0.6250     -0.4620    1.8750    3.3354    
SITE375      6      0.5000     0.6667     -0.5768    2.1667    3.5824    
SITE376      9      0.3333     0.4444     -1.1852    2.6667    3.6209    
SITE377      12     0.4167     0.5833     -0.8182    2.2500    3.3541    
SITE380      8      0.3750     0.3750     -1.2425    3.1250    4.1982    
SITE383      4      0.5000     0.5000     -0.8889    2.0000    2.9155    
SITE385      9      0.2222     0.4444     -1.4464    3.0000    3.9016    
SITE386      11     0.4545     0.6364     -0.8096    2.2727    3.3979    
SITE388      7      0.2857     0.5714     -1.2427    2.2857    3.0706    
SITE389      11     0.6364     0.7273     -0.3657    1.6364    3.1623    
SITE397      14     0.2143     0.4286     -1.5289    3.2857    4.2258    
SITE401      7      0.5714     0.5714     -0.6550    1.8571    2.9520    
SITE404      6      0.3333     0.5000     -1.3500    3.0000    3.9581    
SITE406      6      0.3333     0.6667     -0.1489    2.1667    3.2404    
SITE407      7      0.7143     0.8571     -0.2333    1.0000    2.2991    
SITE411      29     0.2759     0.6207     -0.6359    2.0345    2.7101    
SITE417      24     0.2500     0.6250     -0.0102    1.9167    2.4833    
SITE420      15     0.2000     0.6667     -0.0935    1.8667    2.2804    
SITE421      11     0.3636     0.5455     -0.9719    2.7273    3.8847    
SITE422      13     0.1538     0.6154     -0.0042    2.0000    2.3859    
SITE424      6      0.6667     0.6667     -0.4032    1.6667    3.1091    
SITE426      15     0.3333     0.4667     -0.4151    2.4000    3.0551    
SITE430      9      0.3333     0.4444     -1.3648    4.2222    5.5578    
SITE434      12     0.2500     0.5000     -0.1463    2.1667    2.7988    
SITE435      9      0.3333     0.4444     -1.1329    3.1111    4.2687    
SITE437      18     0.1667     0.5556     -0.2986    2.3889    2.8964    
SITE438      15     0.2000     0.5333     -1.5799    2.7333    3.4928    
SITE439      13     0.2308     0.4615     -0.1226    2.3846    3.0255    
SITE442      19     0.2632     0.5789     -0.7279    2.6842    3.6491    
SITE443      6      0.3333     0.5000     -1.0576    3.5000    4.8819    
SITE446      18     0.1667     0.6111     -0.3769    2.7222    3.5040    
SITE447      5      0.2000     0.2000     -2.6916    4.8000    5.6214    
SITE454      7      0.5714     0.5714     -0.6667    2.0000    3.1623    
SITE455      9      0.2222     0.4444     -1.3442    3.7778    4.9889    
SITE460      4      0.2500     0.2500     -2.6316    5.0000    5.8737    
SITE461      5      0.2000     0.4000     -0.0045    2.6000    3.0000    
SITE463      6      0.3333     0.5000     -1.3738    3.5000    4.6007    
SITE464      8      0.5000     0.5000     -0.8993    3.1250    4.5415    
SITE468      6      0.3333     0.5000     -0.4464    2.3333    3.0000    
SITE469      4      0.5000     1.0000     -0.8182    0.7500    1.1180    
SITE471      17     0.3529     0.4118     -1.1710    3.2941    4.4853    
SITE474      6      0.1667     0.3333     -0.3600    2.5000    2.9155    
SITE477      14     0.4286     0.5714     -0.8308    2.5714    3.8173    
SITE483      9      0.2222     0.3333     -2.2838    4.3333    5.1962    
SITE485      10     0.2000     0.2000     -3.1870    5.6000    6.4187    
SITE486      6      0.6667     0.6667     -0.4909    1.5000    2.6141    
SITE490      13     0.3077     0.4615     -1.3065    2.7692    3.6795    
SITE492      6      0.3333     0.6667     -0.5506    1.5000    1.9579    
SITE506      10     0.5000     0.6000     -0.6129    1.9000    3.0822    
SITE508      27     0.2963     0.4815     -1.2368    3.2222    4.3333    
SITE510      6      0.5000     0.5000     -0.7253    2.1667    3.3417    
SITE520      16     0.3125     0.3750     -1.4205    3.1875    4.1608    
SITE521      17     0.2941     0.4706     -1.4167    4.0000    5.2244    
SITE522      18     0.3889     0.4444     -1.1479    3.1111    4.2557    
SITE528      11     0.4545     0.5455     -0.9085    2.1818    3.1623    
SITE538      7      0.2857     0.2857     -1.7396    4.7143    5.9161    
SITE539      7      0.4286     0.4286     -1.2716    3.2857    4.3916    
SITE540      6      0.3333     0.5000     -1.1236    3.3333    4.5826    
SITE541      9      0.3333     0.3333     -1.6352    4.5556    5.7831    
SITE542      8      0.5000     0.6250     0.3333     1.7500    2.7386    
SITE545      9      0.2222     0.6667     -0.1154    2.3333    3.1091    
SITE547      7      0.4286     0.4286     -1.2604    4.7143    6.3133    
SITE556      6      0.3333     0.5000     -0.1300    2.5000    3.4400    
SITE557      19     0.1579     0.6316     -0.0434    2.2632    2.8377    
SITE561      15     0.1333     0.2000     -3.0835    5.2667    6.0608    
SITE563      10     0.3000     0.7000     -0.2941    2.3000    3.1464    
SITE564      9      0.2222     0.3333     -2.0851    4.6667    5.6765    
SITE568      7      0.1429     0.1429     -3.2801    4.7143    5.3852    
SITE569      11     0.2727     0.7273     -0.0127    1.7273    2.4309    
SITE572      8      0.2500     0.7500     -0.2104    2.3750    3.2977    
SITE574      9      0.2222     0.4444     -1.5013    3.7778    4.8762    
SITE575      15     0.2000     0.6000     -0.4465    2.4000    3.1198    
SITE577      9      0.3333     0.3333     -1.5652    4.0000    5.1208    
SITE578      7      0.2857     0.5714     -1.7045    2.1429    2.6992    
SITE580      6      0.3333     0.5000     -0.4800    2.6667    3.5119    
SITE581      10     0.4000     0.6000     -0.3012    1.9000    2.7019    
SITE584      8      0.3750     0.5000     -0.8630    2.6250    3.8568    
SITE587      8      0.3750     0.5000     -1.0864    3.3750    4.6771    
SITE593      11     0.3636     0.7273     -0.3488    2.0000    2.8604    
SITE595      18     0.2778     0.4444     -0.5997    2.6667    3.4480    
SITE597      8      0.2500     0.5000     -0.0023    2.1250    2.6220    
SITE598      7      0.2857     0.5714     -1.0417    2.1429    3.0000    
SITE601      8      0.2500     0.2500     -2.5556    5.7500    6.7823    
SITE602      12     0.3333     0.7500     -0.2253    2.0833    3.3040    
SITE606      15     0.2667     0.6000     -0.9105    3.0667    4.4422    
SITE607      12     0.1667     0.2500     -2.8470    5.0833    5.9090    
SITE610      10     0.2000     0.3000     -2.0076    4.3000    5.2631    
SITE612      14     0.2857     0.3571     -1.4694    3.2857    4.2594    
SITE616      13     0.2308     0.5385     -1.2393    3.3077    4.4463    
SITE617      10     0.2000     0.6000     -0.1064    2.4000    3.2249    
SITE620      17     0.2941     0.5294     -0.9558    2.8824    4.1231    
SITE622      13     0.2308     0.6154     -0.0211    2.0769    2.6747    
SITE623      8      0.2500     0.8750     -0.6667    1.2500    1.5811    
SITE624      9      0.2222     0.7778     -0.1099    1.8889    2.4721    
SITE626      10     0.3000     0.7000     -0.4479    2.7000    4.1352    
SITE629      13     0.2308     0.6154     -0.1182    2.3846    3.0760    
SITE639      11     0.1818     0.2727     -2.4202    4.3636    5.1874    
SITE648      7      0.2857     0.4286     -1.3832    4.1429    5.4380    
SITE658      16     0.1875     0.5625     -0.1270    2.3750    2.9791    
SITE683      7      0.4286     0.7143     -1.1000    1.5714    2.1712    
SITE684      14     0.1429     0.2143     -3.4658    5.2857    6.0000    
SITE692      15     0.2000     0.3333     -1.1951    3.2000    3.7947    
SITE719      16     0.2500     0.6875     -0.1163    2.1875    2.9047    
SITE721      12     0.1667     0.5833     -0.0031    2.5000    3.0000    
SITE722      14     0.2857     0.7143     -0.0360    1.7143    2.2991    
SITE725      9      0.2222     0.4444     -1.6351    3.6667    4.6547    
SITE734      13     0.3077     0.6923     -0.3112    2.0769    3.0000    
SITE735      17     0.1765     0.4706     -0.7399    2.9412    3.7885    
SITE739      10     0.2000     0.5000     -0.0013    2.3000    2.8107    
SITE747      30     0.2000     0.6000     -0.4509    2.3000    3.0496    
SITE760      33     0.8788     0.9091     -0.0358    0.4545    1.4668    
SITE786      10     0.2000     0.7000     -0.4894    2.7000    4.0125    
SITE801      8      0.2500     0.7500     -0.1852    2.0000    3.1623    
SITE802      9      0.3333     0.6667     -0.8138    2.5556    3.8152    
SITE807      7      0.2857     0.5714     -1.3894    2.4286    3.1848    
SITE808      7      0.2857     0.4286     -1.6057    3.8571    4.9135    
SITE821      10     0.3000     0.3000     -1.6372    3.9000    4.9497    
SITE831      11     0.1818     0.2727     -2.0992    4.1818    5.0812    
SITE844      7      0.4286     0.7143     -0.0281    1.5714    2.5912    
SITE852      14     0.2143     0.5714     -0.2648    2.2857    2.8785    
SITE871      7      0.2857     0.4286     -1.2472    3.7143    4.9857    
--------------------------------------------------------------------------------------------------------------
OVERALL      3232   0.2809     0.5566     -0.5753    2.5931    3.5855    
--------------------------------------------------------------------------------------------------------------
